1 150
0 576 188 410 139 656 76 110 630 168 752 559 543 396 329 302 777 339 595 462 329 301 475 588 444 285 589 644 533 89 571 463 270 40 172 697 606 487 635 613 603 602 489 416 434 372 539 104 488 498 465 231 583 349 452 307 637 462 295 723 703 235 104 445 404 752 475 501 669 545 435 456 86 575 310 59 386 327 274 393 494 115 358 87 391 521 21 236 118 368 524 335 194 211 110 136 182 12 619 175 575 601 24 398 295 513 113 552 461 504 289 483 165 622 388 561 664 616 517 575 238 390 584 163 298 236 653 464 554 723 434 467 341 388 522 510 541 390 579 750 424 348 202 509 504 262 489 769 270 378
576 0 591 666 488 81 500 470 68 524 325 220 633 422 428 403 433 311 45 136 540 646 339 216 138 295 471 86 54 507 497 320 336 553 423 271 38 327 338 155 365 63 228 593 647 232 80 560 439 143 174 392 176 268 159 269 365 139 428 412 281 599 534 541 224 425 274 715 264 111 624 454 590 598 289 602 370 451 457 434 82 592 220 493 298 85 590 505 470 218 707 271 396 502 560 469 412 564 77 462 316 120 555 692 349 650 529 89 211 77 365 540 535 101 614 281 443 219 720 80 464 395 564 414 610 359 271 683 431 361 322 222 385 266 114 553 182 236 125 496 155 320 453 439 485 314 440 368 606 615
188 591 0 222 297 661 191 183 629 68 681 502 366 273 214 211 677 444 622 458 161 114 379 532 452 345 454 639 561 145 427 375 255 155 185 634 611 395 543 578 500 597 434 238 248 359 532 86 357 556 438 199 541 324 508 342 537 511 190 620 638 47 101 281 481 650 404 313 605 595 253 319 103 407 391 138 288 200 158 266 515 303 403 175 497 560 173 101 167 374 337 319 211 92 294 149 298 188 651 326 487 650 199 211 245 331 289 595 419 513 231 321 59 662 204 483 544 561 330 563 134 280 425 225 111 237 585 277 429 636 349 551 246 343 573 347 613 362 553 628 458 458 352 379 360 315 357 688 82 194
410 666 222 0 508 720 402 383 684 257 645 507 177 249 240 271 600 613 706 531 130 114 358 534 540 497 348 688 653 355 309 367 373 375 356 613 675 375 494 600 441 650 455 84 43 446 592 307 281 677 492 329 558 409 632 476 476 629 248 544 614 174 315 156 625 573 411 91 585 705 67 246 325 239 549 360 297 217 229 237 605 524 532 382 663 663 395 211 364 475 117 414 372 232 514 338 489 409 738 531 451 754 420 39 335 130 505 698 459 592 319 188 254 755 51 464 451 559 108 614 243 273 273 407 111 376 562 56 344 582 354 695 281 400 685 203 741 432 588 521 570 630 556 299 255 468 281 637 139 51
139 488 297 508 0 570 106 126 550 251 714 522 613 425 363 326 762 212 499 396 403 411 474 548 370 196 612 565 440 153 603 457 247 150 177 656 522 482 619 556 598 525 456 494 524 323 468 212 514 388 413 237 534 313 345 234 627 360 329 712 663 341 196 505 289 739 455 597 631 437 519 490 213 631 201 195 397 369 321 426 408 103 269 125 261 421 160 305 146 305 614 295 180 280 71 174 78 129 518 37 561 491 115 505 291 592 41 448 421 425 292 537 253 518 476 539 669 574 612 504 288 410 631 131 398 214 619 558 572 700 429 344 358 361 416 565 421 349 518 755 334 218 63 534 542 186 516 739 373 468
656 81 661 720 570 0 580 549 36 597 288 237 669 471 486 466 408 390 87 204 598 710 376 223 214 376 490 39 133 585 521 360 409 632 500 243 50 361 338 148 375 69 267 643 697 302 130 636 474 214 229 464 184 337 238 349 367 219 491 398 253 666 610 586 303 404 314 762 245 172 673 495 667 628 371 680 422 509 521 484 163 674 302 572 374 160 669 572 548 293 751 342 473 571 642 545 494 644 95 543 329 154 635 749 417 692 611 151 261 152 432 580 607 119 668 298 445 215 765 106 532 446 591 493 672 434 259 732 454 339 368 292 444 326 183 589 238 301 139 486 236 399 535 470 519 395 476 333 671 670
76 500 191 402 106 580 0 37 554 145 680 488 515 344 279 246 711 276 520 386 302 304 412 516 368 210 536 568 458 47 522 398 198 58 103 625 529 423 569 538 539 526 418 393 419 297 463 107 436 426 390 166 510 276 379 231 572 388 243 658 631 234 89 410 334 687 406 492 598 472 416 407 116 539 240 110 326 280 229 343 418 145 283 21 330 447 90 204 52 292 510 261 121 179 123 78 119 63 544 135 509 528 57 398 228 491 106 478 388 428 225 445 147 548 372 492 604 544 507 499 194 334 543 86 291 163 582 453 499 655 369 400 283 317 449 472 471 316 503 691 348 287 161 456 458 186 437 700 266 363
110 470 183 383 126 549 37 0 522 127 643 450 487 309 244 210 673 266 492 353 276 292 374 479 336 186 500 536 430 42 487 360 160 82 65 588 498 385 531 503 502 493 380 367 397 261 430 109 400 404 354 128 473 239 356 201 534 364 209 620 594 222 85 380 316 649 369 471 561 448 392 372 128 508 222 132 289 247 197 308 389 180 256 23 320 421 120 179 19 259 488 225 84 154 156 47 114 98 517 147 471 504 94 383 191 465 136 453 351 397 187 414 131 523 350 455 567 507 486 465 163 298 510 56 275 127 545 432 462 618 331 384 246 280 425 441 452 280 468 654 320 279 172 421 423 160 401 662 251 342
630 68 629 684 550 36 554 522 0 565 268 201 632 435 451 432 383 379 93 172 563 675 339 189 186 354 455 17 123 557 485 323 379 605 471 219 30 325 306 115 341 33 231 607 661 271 97 606 438 211 194 433 149 304 228 324 334 208 456 369 228 633 581 549 293 378 277 725 217 175 637 458 638 592 353 652 386 474 487 447 142 653 280 546 367 153 643 538 521 264 714 311 444 538 621 516 472 618 112 525 294 169 610 713 384 655 590 153 225 126 399 543 575 138 632 263 413 182 729 70 499 410 555 467 638 405 229 696 419 313 331 290 409 292 181 553 244 267 102 457 216 388 518 434 483 371 439 312 637 634
168 524 68 257 251 597 145 127 565 0 632 448 375 240 175 160 638 379 555 393 161 165 335 478 386 278 430 576 494 98 408 328 188 128 118 582 546 350 500 519 461 533 378 250 274 294 468 69 329 488 376 132 483 260 440 274 497 443 144 582 587 96 64 277 413 611 352 346 554 527 272 295 103 407 324 136 243 167 116 234 448 277 335 125 432 492 160 69 109 307 365 254 143 46 262 86 239 164 584 275 442 582 171 255 184 348 250 527 360 447 171 315 10 594 227 435 513 507 361 500 83 240 417 161 147 169 534 307 399 592 301 484 198 283 504 342 544 299 492 598 390 394 300 352 341 248 330 642 124 218
752 325 681 645 714 288 680 643 268 632 0 193 529 417 467 472 127 595 360 331 558 682 304 166 363 526 317 253 371 665 358 305 482 717 579 59 292 287 151 178 205 261 262 560 609 391 281 692 364 462 302 521 184 405 463 483 172 442 491 141 51 665 672 489 521 133 280 653 83 436 583 399 728 469 549 753 393 485 522 428 364 809 468 665 600 404 758 580 634 411 630 422 559 591 779 618 638 741 379 700 197 437 737 683 458 568 749 414 293 333 467 464 642 405 600 197 228 140 650 254 550 404 424 599 644 517 98 635 305 77 332 540 435 363 437 460 507 366 218 227 422 610 702 347 394 529 364 46 655 605
559 220 502 507 522 237 488 450 201 448 193 0 435 260 295 291 251 421 265 157 399 521 149 29 191 339 253 199 245 474 283 140 290 525 387 137 207 132 126 95 145 173 70 425 478 199 144 505 242 325 115 331 54 212 309 294 149 291 313 213 143 493 483 361 357 234 100 537 110 316 453 267 540 391 367 563 221 316 345 272 216 616 288 472 435 274 566 402 441 222 522 228 366 410 586 427 446 548 296 509 95 339 545 540 268 462 556 297 101 185 278 349 458 320 457 61 225 59 538 141 368 239 353 406 482 324 96 511 217 183 158 393 257 171 308 356 383 173 99 287 254 437 513 235 285 339 243 217 488 460
543 633 366 177 613 669 515 487 632 375 529 435 0 228 265 306 459 665 677 511 214 280 294 456 530 545 212 633 635 470 170 312 416 504 439 510 631 308 381 530 328 601 404 128 134 449 553 440 194 681 462 391 489 418 643 511 357 634 293 408 508 321 440 111 654 433 358 134 486 697 118 179 466 68 598 502 281 251 293 219 590 653 557 493 708 653 533 310 467 485 104 430 446 336 636 439 574 540 710 628 355 739 547 215 367 49 621 685 422 568 355 94 378 731 166 379 311 476 126 565 324 254 111 491 261 433 462 134 228 457 313 718 292 389 681 79 747 425 530 366 576 684 649 199 149 521 193 511 289 177
396 422 273 249 425 471 344 309 435 240 417 260 228 0 66 99 403 442 464 292 141 265 114 287 307 322 192 439 416 309 178 120 197 356 248 377 428 132 273 351 227 402 206 171 225 222 345 309 91 456 248 188 309 190 416 285 264 408 101 346 378 250 296 122 426 376 162 293 348 475 202 65 344 220 374 376 54 74 123 12 369 489 329 323 483 431 394 175 291 257 286 202 245 194 466 266 371 389 497 431 219 519 391 281 146 234 443 465 211 351 138 134 248 516 198 223 272 315 298 365 159 27 209 295 227 220 325 261 159 365 104 490 70 163 457 156 521 199 338 358 349 461 448 113 117 301 93 419 238 201
329 428 214 240 363 486 279 244 451 175 467 295 265 66 0 41 463 401 467 292 112 227 164 324 300 280 259 457 413 243 243 161 151 289 186 422 439 180 329 380 286 417 232 177 227 206 356 243 158 440 257 129 339 170 396 249 323 391 35 407 425 198 230 153 397 437 195 301 393 465 208 128 278 271 333 310 74 23 58 64 365 424 301 257 445 423 327 114 226 237 303 177 186 130 401 200 314 322 499 372 272 514 325 264 103 259 379 458 227 352 90 178 183 516 189 270 337 353 311 381 92 65 267 234 188 167 372 265 225 421 137 464 42 161 445 205 504 192 361 423 332 419 391 179 179 255 159 473 193 188
302 403 211 271 326 466 246 210 432 160 472 291 306 99 41 0 479 360 441 267 141 243 176 321 271 240 289 440 385 214 277 168 110 263 149 423 417 190 340 370 303 398 224 214 263 175 335 224 189 405 237 89 331 138 361 210 338 357 24 423 427 203 208 195 358 453 193 338 394 433 246 164 260 312 292 289 84 58 55 100 336 391 263 226 405 392 303 111 193 203 342 142 147 119 367 169 274 294 472 333 282 484 295 293 64 300 344 427 212 327 50 219 170 487 222 274 361 350 348 363 77 88 306 196 206 126 375 301 253 432 140 427 39 139 413 245 469 167 347 447 298 378 351 210 216 214 191 482 205 220
777 433 677 600 762 408 711 673 383 638 127 251 459 403 463 479 0 673 472 408 534 656 303 235 441 587 252 371 474 688 293 314 517 739 608 164 405 290 142 278 177 371 308 516 560 444 376 704 328 562 367 546 268 449 555 542 141 535 493 57 155 652 687 444 607 27 306 590 169 543 534 366 740 393 618 768 395 476 522 411 457 849 540 693 685 506 780 577 661 471 563 466 592 593 820 641 689 767 495 753 202 550 766 639 482 503 792 521 346 425 487 411 646 521 560 222 149 220 584 355 554 398 348 637 620 552 165 579 257 72 343 636 440 400 540 400 613 414 313 110 504 689 759 307 345 584 327 83 636 567
339 311 444 613 212 390 276 266 379 379 595 421 665 442 401 360 673 0 309 266 486 542 437 439 233 120 593 396 257 309 599 415 250 334 263 536 348 437 541 420 537 362 371 571 615 245 318 375 513 186 306 284 412 262 152 157 558 171 376 633 545 475 351 554 87 655 392 692 517 235 601 503 391 662 68 386 395 418 387 448 240 310 134 282 53 231 358 404 278 210 699 246 242 385 281 295 157 327 322 177 490 286 315 623 298 660 253 250 333 267 310 575 387 316 569 460 619 459 703 351 369 418 647 218 517 238 512 653 549 603 395 132 374 307 216 599 209 277 379 697 174 18 159 526 553 146 514 630 499 564
595 45 622 706 499 87 520 492 93 555 360 265 677 464 467 441 472 309 0 174 579 682 384 261 170 311 517 109 62 531 543 365 367 575 449 309 67 372 383 196 410 101 273 635 688 266 125 586 484 128 217 423 220 303 157 291 410 140 465 454 319 632 561 585 222 465 319 757 304 85 666 498 615 643 298 625 411 490 493 476 107 603 237 515 289 78 610 539 494 247 750 305 422 535 571 494 425 583 32 470 361 77 573 731 384 694 540 64 255 114 400 584 565 55 655 327 488 261 763 125 498 437 610 436 646 387 313 725 477 401 366 205 425 306 96 598 152 274 169 539 172 316 459 484 530 333 485 404 642 655
462 136 458 531 396 204 386 353 172 393 331 157 511 292 292 267 408 266 174 0 405 510 225 173 33 200 373 184 124 386 392 203 206 435 299 271 153 216 282 161 289 141 124 461 514 98 77 433 322 180 53 260 146 133 155 161 302 139 292 371 280 463 408 413 199 392 162 584 251 187 492 331 465 484 217 481 238 315 320 303 78 496 137 376 277 142 474 369 350 94 578 138 273 367 464 344 317 450 207 376 239 228 443 557 214 524 434 174 92 60 229 416 403 224 480 205 372 193 590 112 329 264 455 299 473 233 246 551 330 337 198 239 250 131 172 432 244 100 122 442 96 281 375 326 369 210 324 364 470 480
329 540 161 130 403 598 302 276 563 161 558 399 214 141 112 141 534 486 579 405 0 124 256 427 411 369 298 569 525 257 268 260 243 290 236 518 551 273 411 488 362 529 340 91 128 316 468 227 206 547 369 201 446 279 502 345 399 498 118 477 520 124 226 119 495 507 300 205 489 574 117 168 256 247 421 291 179 89 99 130 477 439 402 281 535 533 320 97 256 345 215 283 249 123 422 229 373 326 611 421 360 625 333 152 204 189 408 568 338 465 188 159 164 627 83 365 394 455 217 493 120 159 263 289 86 248 467 166 278 503 240 564 154 274 554 186 610 305 471 475 440 504 444 228 201 341 207 557 102 79
301 646 114 114 411 710 304 292 675 165 682 521 280 265 227 243 656 542 682 510 124 0 380 550 512 434 414 683 625 257 380 383 324 270 279 642 661 397 535 607 486 642 459 158 149 416 579 201 328 634 480 271 566 378 586 422 523 587 219 599 644 70 214 221 568 629 421 204 613 667 162 290 215 333 484 248 299 205 189 254 577 416 482 286 595 629 286 146 274 438 231 378 301 158 409 251 404 302 713 438 484 720 314 97 298 238 403 664 453 569 282 261 160 727 115 489 513 578 221 606 186 282 360 326 38 316 591 170 399 627 362 639 268 383 646 283 694 410 588 591 530 558 464 349 316 404 328 681 43 104
475 339 379 358 474 376 412 374 339 335 304 149 294 114 164 176 303 437 384 225 256 380 0 175 249 327 156 341 345 386 168 22 226 436 309 262 337 17 165 244 128 308 110 275 329 192 259 400 100 403 173 246 201 177 372 283 162 359 191 248 264 361 383 212 399 277 64 388 233 411 303 119 436 260 372 465 92 181 221 126 303 553 308 393 468 366 476 278 360 229 375 195 296 292 526 339 408 465 417 472 107 448 465 392 184 315 500 397 132 278 186 203 344 438 308 109 195 201 390 271 252 100 230 344 341 259 211 361 111 257 45 454 137 129 397 214 468 161 238 281 305 456 483 101 146 314 101 308 351 312
588 216 532 534 548 223 516 479 189 478 166 29 456 287 324 321 235 439 261 173 427 550 175 0 206 361 267 184 247 502 299 167 318 554 416 109 198 158 122 76 151 164 99 451 504 225 146 534 264 331 137 360 40 240 320 317 148 301 342 202 115 522 513 386 371 220 129 561 83 318 478 292 569 409 387 592 250 345 375 299 224 643 308 501 450 278 595 432 470 245 545 255 394 440 612 456 471 577 290 534 106 337 573 567 298 484 582 299 127 192 308 372 488 315 484 77 227 29 562 136 398 268 370 433 511 352 73 536 233 164 187 402 287 199 313 377 387 200 91 282 269 454 537 256 306 363 265 193 517 488
444 138 452 540 370 214 368 336 186 386 363 191 530 307 300 271 441 233 170 33 411 512 249 206 0 173 401 200 113 371 418 227 198 418 286 303 163 242 315 191 320 158 154 473 525 96 97 422 345 154 82 253 179 133 124 138 335 110 296 404 312 461 397 429 166 425 189 597 284 168 504 350 453 506 186 466 252 323 323 317 65 472 106 359 244 124 456 368 334 79 593 134 259 364 440 331 292 432 201 349 270 214 424 564 213 540 409 158 119 61 229 435 396 216 489 237 404 226 604 133 327 279 479 281 476 221 279 563 357 371 219 208 259 143 150 452 219 108 150 475 63 248 346 350 391 186 346 397 471 488
285 295 345 497 196 376 210 186 354 278 526 339 545 322 280 240 587 120 311 200 369 434 327 361 173 0 481 369 249 227 483 306 129 267 160 467 327 330 449 362 437 329 279 452 497 143 271 290 396 217 224 168 343 150 169 45 462 178 257 542 475 370 264 434 135 567 290 573 444 261 482 384 314 543 52 318 277 298 269 328 213 299 74 207 166 236 300 292 192 116 580 132 134 276 267 200 118 272 334 175 394 318 262 510 178 540 236 267 241 228 190 455 287 338 452 366 516 386 585 307 254 299 529 130 406 121 435 535 437 521 283 205 254 199 239 479 268 175 322 598 140 138 175 411 435 30 398 555 391 447
589 471 454 348 612 490 536 500 455 430 317 253 212 192 259 289 252 593 517 373 298 414 156 267 401 481 0 451 487 502 41 178 370 549 438 303 460 159 173 343 121 427 250 266 307 349 392 500 101 553 320 375 305 331 525 437 146 511 294 198 299 422 488 195 555 225 211 339 280 556 282 135 534 152 527 567 214 263 315 196 449 681 464 515 624 512 586 362 483 385 314 349 431 384 656 458 552 581 548 614 161 587 584 388 322 253 633 540 281 421 319 160 437 572 311 192 103 281 335 394 351 202 108 481 380 400 257 327 44 245 198 608 254 286 544 148 617 317 353 177 460 612 628 79 97 466 99 299 400 319
644 86 639 688 565 39 568 536 17 576 253 199 633 439 457 440 371 396 109 184 569 683 341 184 200 369 451 0 140 570 483 326 390 618 483 206 48 326 298 109 335 42 234 610 664 282 107 618 438 228 202 444 146 315 245 338 327 225 464 359 216 641 593 552 310 367 279 728 206 192 640 460 650 590 370 665 391 480 495 451 158 668 296 559 384 171 656 547 533 277 716 322 457 548 636 528 488 632 126 541 290 184 624 718 393 657 605 170 230 141 408 544 586 151 637 259 406 175 731 76 508 414 552 481 645 417 219 699 416 301 335 308 415 300 199 553 261 277 102 447 232 406 534 433 483 385 439 298 645 639
533 54 561 653 440 133 458 430 123 494 371 245 635 416 413 385 474 257 62 124 525 625 345 247 113 249 487 140 0 468 509 325 306 512 387 316 92 335 369 196 389 113 238 584 637 209 101 524 444 91 173 362 209 246 105 229 394 85 409 449 325 573 498 538 170 463 281 708 305 71 616 455 553 605 239 562 362 436 436 427 48 543 175 453 243 32 548 481 432 187 703 246 360 475 511 432 364 521 89 411 339 103 511 677 326 649 480 53 213 66 342 540 504 102 602 304 470 255 714 118 440 389 575 373 589 325 309 674 445 402 322 170 372 254 66 556 140 220 160 530 109 266 402 447 491 271 446 413 583 602
89 507 145 355 153 585 47 42 557 98 665 474 470 309 243 214 688 309 531 386 257 257 386 502 371 227 502 570 468 0 485 374 186 51 88 611 534 398 546 531 514 527 403 347 373 292 463 66 401 445 383 143 500 266 397 239 548 405 208 634 617 187 44 367 358 663 387 444 583 489 370 370 86 497 264 94 297 242 189 306 426 184 296 29 362 461 92 160 36 292 463 253 113 134 166 47 155 80 557 180 487 545 82 351 207 445 152 493 376 432 201 403 100 563 325 473 575 531 460 498 154 302 502 97 244 154 567 406 467 635 345 426 252 302 466 431 495 307 498 662 359 321 207 422 420 200 402 681 219 316
571 497 427 309 603 521 522 487 485 408 358 283 170 178 243 277 293 599 543 392 268 380 168 299 418 483 41 483 509 485 0 191 366 530 426 342 489 175 212 376 159 456 271 229 268 357 417 478 89 571 339 365 336 336 541 441 187 528 278 239 339 393 469 159 566 266 229 298 318 577 243 114 511 112 531 545 209 243 296 179 469 667 473 501 633 533 567 339 469 395 273 353 422 362 644 443 546 564 574 608 194 611 567 349 317 212 622 562 299 443 312 121 414 598 274 223 143 316 293 422 332 192 70 472 348 394 295 286 66 286 205 622 244 293 564 108 636 327 383 212 474 617 623 72 67 466 87 340 369 282
463 320 375 367 457 360 398 360 323 328 305 140 312 120 161 168 314 415 365 203 260 383 22 167 227 306 178 326 325 374 191 0 209 425 295 260 320 25 173 232 141 291 93 286 340 170 240 392 119 381 152 232 190 156 350 261 174 337 185 260 263 360 374 226 377 289 46 402 231 390 315 134 428 280 350 455 87 180 216 131 282 538 285 380 445 345 465 274 347 207 390 174 281 286 511 327 389 453 397 453 114 428 452 400 169 332 484 377 111 258 173 220 338 419 317 108 213 195 405 255 245 100 251 328 344 243 210 374 134 264 28 431 130 108 376 232 446 138 223 298 283 434 464 123 166 294 121 314 352 320
270 336 255 373 247 409 198 160 379 188 482 290 416 197 151 110 517 250 367 206 243 324 226 318 198 129 370 390 306 186 366 209 0 237 98 427 359 234 374 345 350 347 219 323 369 108 282 228 277 310 197 55 314 79 263 102 380 263 128 466 433 267 203 304 252 494 210 446 400 344 354 260 261 416 182 279 157 168 144 201 260 331 160 182 295 307 278 178 152 119 451 68 76 169 303 141 182 259 396 245 315 398 255 389 50 410 275 342 191 259 60 326 198 408 326 296 422 346 457 316 137 175 406 120 291 34 384 408 328 459 181 321 126 119 322 351 371 121 313 507 206 268 258 294 312 105 279 502 281 322
40 553 155 375 150 632 58 82 605 128 717 525 504 356 289 263 739 334 575 435 290 270 436 554 418 267 549 618 512 51 530 425 237 0 139 663 581 449 598 582 564 575 455 378 398 342 512 68 448 483 434 195 551 317 436 284 599 445 255 685 668 202 64 405 392 714 439 467 635 528 398 416 62 535 298 52 347 287 234 353 471 150 338 59 387 503 40 196 85 341 488 304 163 171 139 99 176 35 600 184 538 585 44 366 259 475 134 534 428 479 252 443 126 605 351 525 624 583 483 547 198 350 544 139 264 205 618 429 515 687 396 458 302 354 506 470 529 358 549 711 403 345 211 469 464 241 449 733 236 342
172 423 185 356 177 500 103 65 471 118 579 387 439 248 186 149 608 263 449 299 236 279 309 416 286 160 438 483 387 88 426 295 98 139 0 525 449 319 465 443 436 441 317 327 363 204 376 136 338 373 295 63 412 178 325 161 469 330 151 555 530 212 111 330 295 583 303 440 497 414 354 313 167 455 206 181 225 192 146 248 343 245 221 85 315 382 179 145 54 207 452 165 27 124 219 45 136 161 477 188 406 469 158 362 125 423 195 416 289 347 122 361 126 485 316 390 502 444 453 411 117 235 453 52 255 66 481 400 399 552 266 366 183 216 391 388 428 219 411 589 280 279 209 358 365 130 340 597 236 309
697 271 634 613 656 243 625 588 219 582 59 137 510 377 422 423 164 536 309 271 518 642 262 109 303 467 303 206 316 611 342 260 427 663 525 0 241 244 130 120 182 208 208 529 580 333 223 641 333 406 243 468 124 349 405 424 157 384 443 158 9 621 620 459 462 161 230 628 29 382 553 367 677 454 489 700 347 441 475 388 306 752 409 610 541 349 704 533 579 352 608 365 503 543 721 564 579 686 331 641 161 387 682 650 405 546 691 361 237 274 415 437 592 357 566 153 227 81 627 197 501 361 411 543 604 461 51 608 282 96 285 483 388 308 382 437 453 309 159 248 362 551 643 319 368 471 334 97 613 571
606 38 611 675 522 50 529 498 30 546 292 207 631 428 439 417 405 348 67 153 551 661 337 198 163 327 460 48 92 534 489 320 359 581 449 241 0 323 319 129 350 34 227 599 653 252 83 585 437 180 182 414 158 287 197 298 346 177 442 387 251 616 559 544 262 398 273 719 237 146 630 454 616 593 324 629 377 462 472 440 114 625 253 522 336 123 619 522 497 242 710 292 422 521 593 494 445 593 92 496 302 145 585 703 367 652 562 124 216 101 382 540 556 118 623 269 425 196 724 66 482 402 558 443 624 383 246 689 422 333 325 260 397 278 151 551 216 251 107 473 188 358 489 434 482 345 438 336 622 624
487 327 395 375 482 361 423 385 325 350 287 132 308 132 180 190 290 437 372 216 273 397 17 158 242 330 159 326 335 398 175 25 234 449 319 244 323 0 150 227 116 293 98 293 346 192 246 414 113 396 164 256 185 180 366 285 149 352 206 235 247 378 397 228 396 265 54 404 215 402 320 135 450 271 373 478 107 197 237 143 294 563 306 404 466 357 489 294 371 228 390 198 306 307 536 351 414 477 404 478 92 438 477 409 194 331 509 388 124 268 198 218 359 427 326 91 188 184 406 257 266 117 239 353 359 268 193 378 114 242 53 449 151 131 389 228 461 160 223 273 300 456 489 112 159 318 114 293 368 330
635 338 543 494 619 338 569 531 306 500 151 126 381 273 329 340 142 541 383 282 411 535 165 122 315 449 173 298 369 546 212 173 374 598 465 130 319 150 0 190 54 284 170 409 458 305 268 565 213 451 235 404 162 307 435 403 29 417 356 93 127 523 547 338 481 119 164 502 108 440 432 249 601 324 483 629 257 344 386 283 342 706 406 551 558 399 638 443 519 334 480 325 449 457 677 499 547 625 411 611 59 459 624 532 340 418 650 420 208 311 345 312 509 436 449 82 107 123 500 258 417 263 281 495 497 409 86 484 154 92 201 519 301 258 433 310 508 274 213 161 378 558 619 196 243 444 213 146 511 455
613 155 578 600 556 148 538 503 115 519 178 95 530 351 380 370 278 420 196 161 488 607 244 76 191 362 343 109 196 531 376 232 345 582 443 120 129 227 190 0 226 95 147 519 572 241 103 570 337 286 148 394 42 265 285 322 219 264 393 258 130 573 547 456 343 270 188 632 109 264 547 362 605 485 377 624 308 401 425 363 185 655 297 526 422 228 622 481 497 251 618 278 419 485 624 486 478 601 222 537 182 274 595 632 335 557 593 242 159 154 348 444 530 248 549 153 298 67 634 77 444 329 446 453 568 377 117 605 309 206 247 362 340 235 262 451 335 224 40 343 246 434 536 330 381 370 338 217 572 552
603 365 500 441 598 375 539 502 341 461 205 145 328 227 286 303 177 537 410 289 362 486 128 151 320 437 121 335 389 514 159 141 350 564 436 182 350 116 54 226 0 315 167 356 405 294 289 527 160 465 238 373 192 290 445 391 37 428 316 120 180 477 511 284 485 150 146 448 158 460 378 197 563 272 476 592 218 300 345 236 357 680 403 521 560 417 604 400 488 327 426 308 422 416 652 467 528 593 440 593 50 485 593 479 311 364 625 442 205 327 314 258 469 465 397 85 83 161 446 285 377 221 229 469 448 384 135 430 100 141 170 529 264 240 451 255 526 262 242 160 383 555 602 142 189 429 160 196 463 403
602 63 597 650 525 69 526 493 33 533 261 173 601 402 417 398 371 362 101 141 529 642 308 164 158 329 427 42 113 527 456 291 347 575 441 208 34 293 284 95 315 0 198 574 628 239 64 575 406 204 161 401 123 272 214 296 312 193 423 353 218 600 550 517 278 364 245 693 203 175 604 426 607 562 332 622 353 440 453 414 121 628 256 516 354 145 614 505 491 234 682 279 414 505 596 485 447 590 127 501 268 179 582 679 351 623 565 152 191 100 366 511 543 153 599 235 390 161 696 36 466 377 525 439 604 374 212 663 390 300 298 283 375 258 177 521 245 235 73 438 194 373 496 403 452 344 408 305 604 600
489 228 434 455 456 267 418 380 231 378 262 70 404 206 232 224 308 371 273 124 340 459 110 99 154 279 250 234 238 403 271 93 219 455 317 208 227 98 170 147 167 198 0 377 430 136 148 434 210 304 71 260 107 143 279 233 186 263 246 263 213 427 413 318 317 288 46 494 180 306 406 227 470 369 312 493 161 254 278 218 198 548 237 402 392 261 496 335 371 164 483 160 296 342 518 356 381 478 306 445 119 340 474 486 198 425 489 290 38 171 208 313 388 328 404 88 251 129 498 162 300 182 337 337 421 254 165 465 207 244 101 363 192 100 294 325 367 106 132 325 216 388 450 210 257 276 212 283 425 407
416 593 238 84 494 643 393 367 607 250 560 425 128 171 177 214 516 571 635 461 91 158 275 451 473 452 266 610 584 347 229 286 323 378 327 529 599 293 409 519 356 574 377 0 53 382 517 312 196 616 419 287 477 346 573 424 392 568 195 460 529 193 314 72 573 489 331 125 501 640 31 162 338 175 505 374 223 156 185 159 537 527 477 372 618 597 405 188 348 414 127 354 338 214 512 320 463 413 667 512 367 687 421 123 279 98 499 631 383 521 265 107 251 686 45 380 369 476 134 537 210 197 202 379 134 333 477 90 260 497 275 641 215 330 621 126 681 364 509 441 509 589 535 214 171 425 196 552 161 54
434 647 248 43 524 697 419 397 661 274 609 478 134 225 227 263 560 615 688 514 128 149 329 504 525 497 307 664 637 373 268 340 369 398 363 580 653 346 458 572 405 628 430 53 0 433 571 330 246 667 472 330 530 397 623 471 439 619 242 505 579 201 336 120 621 533 385 76 552 692 26 213 352 195 549 387 276 205 227 213 590 548 526 399 663 649 421 220 378 464 90 404 377 244 536 351 499 433 721 545 418 739 442 83 328 89 525 684 437 574 312 148 274 739 47 432 411 529 89 591 247 251 230 416 137 376 528 38 306 544 329 690 266 383 672 160 731 417 563 479 559 632 568 262 216 469 246 599 166 56
372 232 359 446 323 302 297 261 271 294 391 199 449 222 206 175 444 245 266 98 316 416 192 225 96 143 349 282 209 292 357 170 108 342 204 333 252 192 305 241 294 239 136 382 433 0 174 336 275 234 93 162 213 37 194 97 318 186 200 398 340 366 312 344 209 424 148 507 308 258 413 273 369 433 181 386 168 229 226 231 161 418 115 284 275 216 381 273 256 37 505 40 179 269 387 248 247 360 297 310 250 308 354 468 117 455 357 252 99 154 133 354 304 312 396 223 375 251 514 207 232 194 412 212 380 137 296 471 304 380 152 270 167 64 239 375 300 32 207 455 127 263 314 286 319 140 277 417 375 394
539 80 532 592 468 130 463 430 97 468 281 144 553 345 356 335 376 318 125 77 468 579 259 146 97 271 392 107 101 463 417 240 282 512 376 223 83 246 268 103 289 64 148 517 571 174 0 510 359 186 99 336 108 207 181 236 293 161 360 348 232 535 485 463 240 364 194 638 209 172 547 374 543 518 280 558 294 379 390 357 82 569 201 453 319 131 551 441 427 171 629 214 350 441 538 421 389 527 158 446 239 196 520 619 287 571 507 153 133 51 302 460 478 180 540 204 369 156 642 36 401 319 484 376 542 310 211 606 351 304 243 260 314 195 166 473 240 170 63 428 145 331 442 358 405 284 360 320 540 541
104 560 86 307 212 636 107 109 606 69 692 505 440 309 243 224 704 375 586 433 227 201 400 534 422 290 500 618 524 66 478 392 228 68 136 641 585 414 565 570 527 575 434 312 330 336 510 0 399 507 424 176 536 306 458 297 562 465 211 648 646 133 26 345 423 678 412 398 612 549 331 365 36 474 329 67 308 236 185 304 480 218 356 95 429 519 93 138 98 342 420 296 164 116 208 92 222 102 613 242 506 605 113 298 236 409 202 552 412 484 226 383 64 621 284 496 581 563 414 544 150 308 486 161 195 201 594 360 468 656 364 491 263 336 526 410 558 347 540 667 417 388 269 421 411 261 400 705 167 274
488 439 357 281 514 474 436 400 438 329 364 242 194 91 158 189 328 513 484 322 206 328 100 264 345 396 101 438 444 401 89 119 277 448 338 333 437 113 213 337 160 406 210 196 246 275 359 399 0 498 271 277 296 251 464 355 196 453 193 271 333 327 387 126 485 301 164 297 306 509 220 38 433 161 445 466 120 162 214 95 401 581 390 415 549 464 485 262 383 313 280 267 334 283 557 358 457 480 517 519 172 548 483 319 228 219 534 496 231 377 223 107 336 538 236 189 188 287 297 371 250 104 136 383 292 305 282 274 72 301 126 544 156 211 494 114 564 247 335 271 397 531 534 22 46 378 1 357 309 243
498 143 556 677 388 214 426 404 211 488 462 325 681 456 440 405 562 186 128 180 547 634 403 331 154 217 553 228 91 445 571 381 310 483 373 406 180 396 451 286 465 204 304 616 667 234 186 507 498 0 233 363 294 269 48 214 474 48 428 534 416 575 481 578 100 550 342 741 394 49 648 503 531 660 189 535 401 462 451 466 108 490 153 425 160 58 515 488 409 202 740 263 346 477 459 416 319 486 136 356 414 103 475 697 342 690 429 65 272 139 358 587 497 131 628 380 548 342 749 208 447 428 633 347 601 320 397 705 510 490 372 79 401 292 31 605 65 256 248 612 107 190 342 504 544 245 500 503 591 626
465 174 438 492 413 229 390 354 194 376 302 115 462 248 257 237 367 306 217 53 369 480 173 137 82 224 320 202 173 383 339 152 197 434 295 243 182 164 235 148 238 161 71 419 472 93 99 424 271 233 0 248 121 118 207 181 254 191 261 326 251 439 400 368 247 349 110 541 219 238 449 282 458 432 251 476 195 280 292 259 130 510 173 377 323 193 474 345 348 108 533 130 271 346 479 338 336 453 249 398 188 276 447 520 192 477 449 224 40 106 207 368 387 269 441 155 321 161 546 126 306 221 403 305 443 229 210 509 277 298 149 291 214 97 224 383 297 77 116 394 145 323 400 274 318 228 273 330 442 442
231 392 199 329 237 464 166 128 433 132 521 331 391 188 129 89 546 284 423 260 201 271 246 360 253 168 375 444 362 143 365 232 55 195 63 468 414 256 404 394 373 401 260 287 330 162 336 176 277 363 248 0 360 130 315 151 406 316 98 492 473 212 153 280 298 521 243 407 440 398 317 253 210 401 220 232 162 140 103 190 316 308 211 147 333 362 236 125 115 175 415 122 57 114 282 96 185 221 452 243 344 453 220 342 63 380 258 397 236 314 59 308 142 463 284 329 439 389 419 369 86 173 396 106 240 46 423 368 336 492 203 369 121 160 377 334 423 170 364 525 261 302 261 297 305 139 278 538 228 280
583 176 541 558 534 184 510 473 149 483 184 54 489 309 339 331 268 412 220 146 446 566 201 40 179 343 305 146 209 500 336 190 314 551 412 124 158 185 162 42 192 123 107 477 530 213 108 536 296 294 121 360 0 234 286 301 189 267 354 240 133 534 514 414 340 256 146 590 105 279 505 320 571 445 364 592 267 361 386 321 188 631 284 496 420 240 592 442 466 228 575 248 389 448 600 454 456 572 249 518 145 296 567 590 300 515 570 259 124 156 312 402 493 274 507 113 268 48 592 95 406 287 406 425 528 347 103 563 270 196 205 367 300 200 274 410 349 193 50 321 239 427 519 289 339 348 297 218 532 510
349 268 324 409 313 337 276 239 304 260 405 212 418 190 170 138 449 262 303 133 279 378 177 240 133 150 331 315 246 266 336 156 79 317 178 349 287 180 307 265 290 272 143 346 397 37 207 306 251 269 118 130 234 0 227 106 317 221 163 400 355 330 282 311 236 426 144 471 322 295 378 245 340 406 195 358 138 192 189 199 198 404 140 261 297 253 357 236 231 67 470 18 155 234 374 220 240 337 335 304 249 345 333 431 80 422 345 289 112 191 96 324 271 349 359 226 367 268 479 239 196 163 387 193 343 112 308 435 287 387 133 300 131 49 275 345 334 41 234 450 162 280 312 264 293 139 253 427 338 357
452 159 508 632 345 238 379 356 228 440 463 309 643 416 396 361 555 152 157 155 502 586 372 320 124 169 525 245 105 397 541 350 263 436 325 405 197 366 435 285 445 214 279 573 623 194 181 458 464 48 207 315 286 227 0 165 457 20 383 522 414 527 432 538 65 541 314 698 390 93 605 466 483 625 144 487 362 418 405 425 99 448 105 377 139 79 468 440 361 159 698 219 297 430 417 367 274 439 173 314 394 149 428 651 297 649 386 102 244 130 313 548 449 172 583 360 528 335 707 210 400 389 600 299 554 272 390 662 481 483 338 84 359 255 71 568 108 218 245 596 67 160 302 472 509 197 466 502 543 581
307 269 342 476 234 349 231 201 324 274 483 294 511 285 249 210 542 157 291 161 345 422 283 317 138 45 437 338 229 239 441 261 102 284 161 424 298 285 403 322 391 296 233 424 471 97 236 297 355 214 181 151 301 106 165 0 416 169 229 496 432 362 271 401 149 521 244 548 400 253 455 345 324 505 90 333 237 268 246 292 187 334 60 224 197 221 320 277 203 72 552 88 133 264 303 205 156 295 317 217 348 309 286 491 145 509 272 255 195 197 159 419 283 324 428 321 471 342 558 272 237 261 489 145 391 106 390 510 393 476 239 219 219 153 231 442 272 129 283 552 120 176 219 369 395 48 357 511 379 425
637 365 537 476 627 367 572 534 334 497 172 149 357 264 323 338 141 558 410 302 399 523 162 148 335 462 146 327 394 548 187 174 380 599 469 157 346 149 29 219 37 312 186 392 439 318 293 562 196 474 254 406 189 317 457 416 0 439 352 86 153 514 546 320 501 115 172 480 136 465 413 234 598 298 498 627 254 336 381 273 366 712 423 554 577 424 639 437 521 349 458 335 454 452 683 501 556 627 438 621 68 486 626 515 343 396 656 446 224 334 347 292 505 464 433 98 78 152 477 285 413 257 254 500 485 415 115 463 133 105 203 541 299 267 458 287 533 287 240 140 398 575 629 178 223 455 196 160 500 439
462 139 511 629 360 219 388 364 208 443 442 291 634 408 391 357 535 171 140 139 498 587 359 301 110 178 511 225 85 405 528 337 263 445 330 384 177 352 417 264 428 193 263 568 619 186 161 465 453 48 191 316 267 221 20 169 439 0 380 503 394 529 439 530 85 522 299 693 370 84 599 456 491 614 158 496 354 413 403 418 78 463 109 386 160 62 478 441 368 154 691 214 302 431 431 373 287 450 158 330 377 140 439 649 294 642 401 89 229 110 310 539 453 160 579 343 511 315 701 189 400 380 588 307 554 274 370 657 467 463 326 101 353 245 61 558 113 209 225 578 59 180 319 459 498 204 454 481 544 577
295 428 190 248 329 491 243 209 456 144 491 313 293 101 35 24 493 376 465 292 118 219 191 342 296 257 294 464 409 208 278 185 128 255 151 443 442 206 356 393 316 423 246 195 242 200 360 211 193 428 261 98 354 163 383 229 352 380 0 437 447 180 196 182 379 467 214 318 414 457 226 163 247 303 310 277 99 42 32 99 361 388 284 222 423 416 293 89 191 227 323 166 154 101 366 165 282 287 497 339 298 508 290 269 86 283 345 451 235 351 71 210 153 512 200 293 370 371 328 387 61 96 302 201 182 139 394 280 259 448 159 448 55 164 437 237 492 191 371 457 322 395 358 214 214 230 194 499 181 197
723 412 620 544 712 398 658 620 369 582 141 213 408 346 407 423 57 633 454 371 477 599 248 202 404 542 198 359 449 634 239 260 466 685 555 158 387 235 93 258 120 353 263 460 505 398 348 648 271 534 326 492 240 400 522 496 86 503 437 0 150 595 631 388 571 30 256 538 152 519 478 309 684 343 576 713 339 419 465 354 427 797 499 640 649 480 725 520 607 428 511 418 540 537 769 587 640 713 480 704 150 532 712 583 429 451 741 498 301 395 433 356 590 506 503 175 97 194 532 332 498 341 298 586 563 500 141 525 201 65 289 605 384 351 514 346 589 368 288 89 468 649 712 250 289 537 270 108 579 511
703 281 638 614 663 253 631 594 228 587 51 143 508 378 425 427 155 545 319 280 520 644 264 115 312 475 299 216 325 617 339 263 433 668 530 9 251 247 127 130 180 218 213 529 579 340 232 646 333 416 251 473 133 355 414 432 153 394 447 150 0 624 625 459 471 152 234 627 33 392 553 367 681 451 498 705 350 444 479 390 315 759 417 616 550 358 709 537 585 359 606 371 510 547 728 570 586 692 341 649 162 396 688 650 410 544 698 370 243 284 420 436 596 366 566 155 221 89 625 207 505 363 407 549 606 467 53 607 280 87 288 492 391 314 392 435 463 316 169 240 371 559 651 318 367 478 333 87 615 572
235 599 47 174 341 666 234 222 633 96 665 493 321 250 198 203 652 475 632 463 124 70 361 522 461 370 422 641 573 187 393 360 267 202 212 621 616 378 523 573 477 600 427 193 201 366 535 133 327 575 439 212 534 330 527 362 514 529 180 595 624 0 144 241 505 625 393 265 592 611 206 289 151 365 419 186 273 180 148 241 525 350 423 216 528 575 221 94 204 385 289 327 236 98 341 182 335 236 663 367 468 665 246 164 249 285 334 610 415 521 234 282 90 675 157 468 516 551 282 565 134 261 385 258 63 255 570 229 400 616 336 576 235 342 590 307 634 365 551 598 474 491 393 350 326 340 328 669 34 147
104 534 101 315 196 610 89 85 581 64 672 483 440 296 230 208 687 351 561 408 226 214 383 513 397 264 488 593 498 44 469 374 203 64 111 620 559 397 547 547 511 550 413 314 336 312 485 26 387 481 400 153 514 282 432 271 546 439 196 631 625 144 0 341 397 661 392 406 592 523 335 354 57 471 304 81 292 225 173 292 454 213 330 73 405 493 98 132 73 317 426 272 138 107 199 66 199 99 588 224 488 579 107 309 215 412 190 526 389 458 205 378 62 595 289 477 567 542 422 519 137 293 480 135 204 176 574 368 456 637 345 466 247 314 500 406 532 323 516 653 391 364 251 409 402 235 388 686 177 279
445 541 281 156 505 586 410 380 549 277 489 361 111 122 153 195 444 554 585 413 119 221 212 386 429 434 195 552 538 367 159 226 304 405 330 459 544 228 338 456 284 517 318 72 120 344 463 345 126 578 368 280 414 311 538 401 320 530 182 388 459 241 341 0 545 417 272 176 432 597 94 94 375 129 486 410 176 139 184 112 491 551 448 388 598 553 437 208 361 379 165 321 335 234 533 333 464 440 617 518 297 641 447 195 256 111 515 587 330 473 243 40 281 637 115 313 297 410 179 480 217 150 144 381 190 321 408 149 188 425 219 611 182 286 579 66 644 322 449 371 472 573 539 142 99 409 125 480 214 124
404 224 481 625 289 303 334 316 293 413 521 357 654 426 397 358 607 87 222 199 495 568 399 371 166 135 555 310 170 358 566 377 252 392 295 462 262 396 481 343 485 278 317 573 621 209 240 423 485 100 247 298 340 236 65 149 501 85 379 571 471 505 397 545 0 591 346 697 445 149 604 482 444 642 94 444 374 416 396 434 159 390 96 336 79 144 422 424 324 172 700 224 270 410 360 335 222 392 235 256 436 202 380 640 293 655 330 163 280 188 308 560 422 231 578 403 568 388 707 271 385 400 621 261 539 252 443 659 510 536 361 70 363 273 129 582 136 239 303 641 103 95 241 495 528 165 487 558 525 574
752 425 650 573 739 404 687 649 378 611 133 234 433 376 437 453 27 655 465 392 507 629 277 220 425 567 225 367 463 663 266 289 494 714 583 161 398 265 119 270 150 364 288 489 533 424 364 678 301 550 349 521 256 426 541 521 115 522 467 30 152 625 661 417 591 0 283 564 161 533 507 339 714 368 600 743 369 449 495 384 444 825 522 669 670 495 754 551 636 452 537 444 568 567 797 616 667 742 490 731 178 543 741 612 458 477 769 512 326 412 462 384 620 516 532 201 123 208 558 346 528 371 323 614 593 528 154 553 230 65 318 623 414 378 530 374 603 393 303 94 488 672 738 280 318 563 300 94 609 540
475 274 404 411 455 314 406 369 277 352 280 100 358 162 195 193 306 392 319 162 300 421 64 129 189 290 211 279 281 387 229 46 210 439 303 230 273 54 164 188 146 245 46 331 385 148 194 412 164 342 110 243 146 144 314 244 172 299 214 256 234 393 392 272 346 283 0 448 201 348 361 181 448 324 330 473 121 216 246 174 240 542 259 389 418 303 480 303 357 182 437 162 286 313 513 340 384 465 352 448 105 384 462 443 179 378 485 334 70 214 187 266 362 374 361 86 227 158 451 208 271 140 293 331 382 245 182 419 167 248 59 397 158 94 335 278 407 116 177 307 248 410 456 165 211 282 166 294 388 364
501 715 313 91 597 762 492 471 725 346 653 537 134 293 301 338 590 692 757 584 205 204 388 561 597 573 339 728 708 444 298 402 446 467 440 628 719 404 502 632 448 693 494 125 76 507 638 398 297 741 541 407 590 471 698 548 480 693 318 538 627 265 406 176 697 564 448 0 602 764 93 269 417 202 626 451 346 280 304 281 661 616 602 472 740 721 487 295 452 539 34 479 454 319 605 425 575 501 790 619 468 811 511 112 403 87 596 756 504 644 388 191 345 809 123 487 441 584 17 656 324 320 245 492 202 453 578 39 347 583 394 765 340 454 745 193 806 489 625 500 634 709 643 309 260 546 296 638 231 130
669 264 605 585 631 245 598 561 217 554 83 110 486 348 393 394 169 517 304 251 489 613 233 83 284 444 280 206 305 583 318 231 400 635 497 29 237 215 108 109 158 203 180 501 552 308 209 612 306 394 219 440 105 322 390 400 136 370 414 152 33 592 592 432 445 161 201 602 0 374 526 339 648 431 468 672 318 412 446 359 291 726 388 583 524 338 676 504 551 328 582 338 476 514 695 536 555 659 328 617 134 382 655 621 377 520 666 352 210 259 386 411 563 354 538 124 210 58 601 187 472 332 388 516 575 434 23 581 257 97 256 470 358 281 372 411 444 283 145 241 344 532 619 292 342 447 306 113 584 543
545 111 595 705 437 172 472 448 175 527 436 316 697 475 465 433 543 235 85 187 574 667 411 318 168 261 556 192 71 489 577 390 344 528 414 382 146 402 440 264 460 175 306 640 692 258 172 549 509 49 238 398 279 295 93 253 465 84 457 519 392 611 523 597 149 533 348 764 374 0 671 517 575 671 236 580 420 487 481 485 108 539 193 469 208 44 561 522 452 230 761 291 386 513 508 457 367 532 88 405 409 56 521 726 371 709 478 22 279 135 388 603 536 81 654 375 541 325 772 187 481 447 642 391 634 357 379 729 514 471 385 121 425 311 22 619 70 275 230 600 137 239 391 513 556 288 511 479 625 653
435 624 253 67 519 673 416 392 637 272 583 453 118 202 208 246 534 601 666 492 117 162 303 478 504 482 282 640 616 370 243 315 354 398 354 553 630 320 432 547 378 604 406 31 26 413 547 331 220 648 449 317 505 378 605 455 413 599 226 478 553 206 335 94 604 507 361 93 526 671 0 187 355 174 535 391 254 187 214 190 568 548 509 395 649 628 424 213 373 445 98 385 367 238 534 345 491 433 698 538 392 718 442 106 310 78 522 663 413 552 296 122 272 717 48 406 385 503 102 567 237 228 207 407 144 363 502 59 280 518 305 672 246 361 652 136 713 396 538 454 540 619 561 236 190 455 219 573 172 59
456 454 319 246 490 495 407 372 458 295 399 267 179 65 128 164 366 503 498 331 168 290 119 292 350 384 135 460 455 370 114 134 260 416 313 367 454 135 249 362 197 426 227 162 213 273 374 365 38 503 282 253 320 245 466 345 234 456 163 309 367 289 354 94 482 339 181 269 339 517 187 0 399 160 435 432 108 129 181 64 410 552 385 386 542 473 453 227 355 310 256 259 310 249 529 328 437 449 531 497 205 559 452 283 210 197 508 505 243 388 203 86 302 552 200 219 226 316 271 389 217 85 145 360 253 285 315 244 110 339 133 543 134 211 501 102 569 247 357 308 399 522 514 60 52 364 39 394 270 206
86 590 103 325 213 667 116 128 638 103 728 540 466 344 278 260 740 391 615 465 256 215 436 569 453 314 534 650 553 86 511 428 261 62 167 677 616 450 601 605 563 607 470 338 352 369 543 36 433 531 458 210 571 340 483 324 598 491 247 684 681 151 57 375 444 714 448 417 648 575 355 399 0 504 350 35 344 271 220 338 510 201 382 109 445 546 70 171 122 374 440 329 194 150 196 121 235 90 642 246 542 631 102 312 271 434 196 579 447 514 261 414 97 648 307 532 616 599 433 577 186 343 517 184 215 232 630 380 503 692 400 512 299 371 552 441 581 381 574 702 445 403 274 456 444 286 434 741 186 297
575 598 407 239 631 628 539 508 592 407 469 391 68 220 271 312 393 662 643 484 247 333 260 409 506 543 152 590 605 497 112 280 416 535 455 454 593 271 324 485 272 562 369 175 195 433 518 474 161 660 432 401 445 406 625 505 298 614 303 343 451 365 471 129 642 368 324 202 431 671 174 160 504 0 594 539 268 262 310 214 562 681 546 517 702 626 567 338 489 470 172 419 457 364 662 461 586 570 676 643 305 709 576 278 366 116 644 657 392 539 356 94 410 698 218 332 246 427 193 527 345 244 45 505 309 438 408 201 176 395 287 703 289 370 656 66 725 406 489 298 557 681 662 159 115 521 159 448 335 229
310 289 391 549 201 371 240 222 353 324 549 367 598 374 333 292 618 68 298 217 421 484 372 387 186 52 527 370 239 264 531 350 182 298 206 489 324 373 483 377 476 332 312 505 549 181 280 329 445 189 251 220 364 195 144 90 498 158 310 576 498 419 304 486 94 600 330 626 468 236 535 435 350 594 0 350 327 351 322 380 211 305 80 241 113 220 327 342 231 148 633 178 182 326 273 243 130 298 317 172 430 292 286 561 230 593 243 246 274 232 243 507 332 316 505 401 557 410 638 315 306 350 579 168 457 173 461 588 483 550 329 162 306 242 215 530 231 214 337 636 137 86 164 459 485 81 447 581 440 500
59 602 138 360 195 680 110 132 652 136 753 563 502 376 310 289 768 386 625 481 291 248 465 592 466 318 567 665 562 94 545 455 279 52 181 700 629 478 629 624 592 622 493 374 387 386 558 67 466 535 476 232 592 358 487 333 627 496 277 713 705 186 81 410 444 743 473 451 672 580 391 432 35 539 350 0 373 303 252 371 520 170 389 110 439 553 39 205 131 387 475 347 207 183 168 138 228 65 650 230 569 636 80 345 295 469 172 585 468 527 286 449 130 655 342 558 648 622 468 593 217 374 552 189 250 248 655 415 535 719 427 510 328 393 557 476 581 400 592 734 453 396 257 488 478 292 467 767 221 332
386 370 288 297 397 422 326 289 386 243 393 221 281 54 74 84 395 395 411 238 179 299 92 250 252 277 214 391 362 297 209 87 157 347 225 347 377 107 257 308 218 353 161 223 276 168 294 308 120 401 195 162 267 138 362 237 254 354 99 339 350 273 292 176 374 369 121 346 318 420 254 108 344 268 327 373 0 94 129 64 315 470 278 306 433 377 386 187 274 204 340 151 216 200 444 251 337 377 444 400 199 465 377 327 108 288 420 411 161 298 104 186 252 463 246 195 278 279 352 316 159 26 252 266 261 185 297 313 174 349 63 437 45 109 403 207 467 145 292 365 295 414 414 137 158 257 122 400 267 247
327 451 200 217 369 509 280 247 474 167 485 316 251 74 23 58 476 418 490 315 89 205 181 345 323 298 263 480 436 242 243 180 168 287 192 441 462 197 344 401 300 440 254 156 205 229 379 236 162 462 280 140 361 192 418 268 336 413 42 419 444 180 225 139 416 449 216 280 412 487 187 129 271 262 351 303 94 0 52 67 388 425 321 259 463 446 323 101 229 259 283 198 196 120 403 202 324 320 522 381 288 537 324 241 123 242 383 481 249 375 108 168 174 539 166 288 346 373 290 404 88 80 262 243 166 182 390 244 232 436 157 485 65 184 468 195 526 215 383 431 354 436 400 184 177 272 163 489 172 165
274 457 158 229 321 521 229 197 487 116 522 345 293 123 58 55 522 387 493 320 99 189 221 375 323 269 315 495 436 189 296 216 144 234 146 475 472 237 386 425 345 453 278 185 227 226 390 185 214 451 292 103 386 189 405 246 381 403 32 465 479 148 173 184 396 495 246 304 446 481 214 181 220 310 322 252 129 52 0 119 388 373 303 207 435 442 271 57 178 251 312 190 154 71 352 150 281 268 524 334 329 533 271 246 110 278 333 477 267 379 93 216 124 539 182 324 396 404 316 418 36 124 313 198 153 148 426 265 283 478 190 466 87 195 461 244 513 220 402 482 345 405 355 236 230 241 215 530 150 178
393 434 266 237 426 484 343 308 447 234 428 272 219 12 64 100 411 448 476 303 130 254 126 299 317 328 196 451 427 306 179 131 201 353 248 388 440 143 283 363 236 414 218 159 213 231 357 304 95 466 259 190 321 199 425 292 273 418 99 354 390 241 292 112 434 384 174 281 359 485 190 64 338 214 380 371 64 67 119 0 380 488 337 322 490 441 390 169 290 266 275 210 247 188 465 264 374 386 509 433 230 530 389 269 151 223 443 475 223 363 142 126 242 527 186 235 279 326 287 377 155 38 206 296 216 224 336 249 165 375 116 499 75 174 467 150 531 210 350 364 359 467 451 117 116 306 96 429 228 189
494 82 515 605 408 163 418 389 142 448 364 216 590 369 365 336 457 240 107 78 477 577 303 224 65 213 449 158 48 426 469 282 260 471 343 306 114 294 342 185 357 121 198 537 590 161 82 480 401 108 130 316 188 198 99 187 366 78 361 427 315 525 454 491 159 444 240 661 291 108 568 410 510 562 211 520 315 388 388 380 0 511 139 412 237 63 508 433 389 140 656 198 316 428 479 388 331 482 137 382 306 150 473 629 278 602 448 95 170 32 294 495 458 151 554 272 440 236 667 112 392 342 533 332 541 280 292 627 406 385 277 178 324 207 95 511 169 172 146 504 74 252 375 405 447 232 403 402 535 553
115 592 303 524 103 674 145 180 653 277 809 616 653 489 424 391 849 310 603 496 439 416 553 643 472 299 681 668 543 184 667 538 331 150 245 752 625 563 706 655 680 628 548 527 548 418 569 218 581 490 510 308 631 404 448 334 712 463 388 797 759 350 213 551 390 825 542 616 726 539 548 552 201 681 305 170 470 425 373 488 511 0 372 166 355 525 131 343 197 404 638 387 257 317 31 223 180 115 621 134 647 593 106 514 369 625 63 550 515 527 367 587 276 620 501 628 747 670 632 606 337 479 686 211 413 297 713 579 643 790 510 442 427 450 518 615 520 443 618 834 437 313 151 601 602 286 582 832 385 492
358 220 403 532 269 302 283 256 280 335 468 288 557 329 301 263 540 134 237 137 402 482 308 308 106 74 464 296 175 296 473 285 160 338 221 409 253 306 406 297 403 256 237 477 526 115 201 356 390 153 173 211 284 140 105 60 423 109 284 499 417 423 330 448 96 522 259 602 388 193 509 385 382 546 80 389 278 321 303 337 139 372 0 279 160 164 373 336 260 78 604 127 193 325 340 264 191 346 261 245 356 249 336 549 198 558 309 196 199 156 213 463 344 266 484 325 485 329 611 237 296 303 526 200 451 167 381 564 419 471 267 163 266 179 170 485 211 146 257 562 65 151 240 401 433 96 392 500 439 481
87 493 175 382 125 572 21 23 546 125 665 472 493 323 257 226 693 282 515 376 281 286 393 501 359 207 515 559 453 29 501 380 182 59 85 610 522 404 551 526 521 516 402 372 399 284 453 95 415 425 377 147 496 261 377 224 554 386 222 640 616 216 73 388 336 669 389 472 583 469 395 386 109 517 241 110 306 259 207 322 412 166 279 0 336 443 97 183 32 282 490 247 106 158 144 57 127 76 540 151 491 526 72 380 210 470 127 475 373 420 206 423 128 545 351 475 585 529 487 488 172 314 521 79 272 149 567 433 479 638 351 402 263 301 447 451 472 302 491 671 343 294 177 436 436 182 416 683 248 343
391 298 497 663 261 374 330 320 367 432 600 435 708 483 445 405 685 53 289 277 535 595 468 450 244 166 624 384 243 362 633 445 295 387 315 541 336 466 558 422 560 354 392 618 663 275 319 429 549 160 323 333 420 297 139 197 577 160 423 649 550 528 405 598 79 670 418 740 524 208 649 542 445 702 113 439 433 463 435 490 237 355 160 336 0 214 411 455 332 238 746 282 293 437 327 348 211 380 296 224 511 253 367 674 342 705 300 226 354 267 355 616 440 287 618 479 643 467 751 349 419 457 684 272 568 287 522 701 579 614 427 91 416 339 192 639 169 306 382 717 181 43 204 560 590 194 550 637 551 613
521 85 560 663 421 160 447 421 153 492 404 274 653 431 423 392 506 231 78 142 533 629 366 278 124 236 512 171 32 461 533 345 307 503 382 349 123 357 399 228 417 145 261 597 649 216 131 519 464 58 193 362 240 253 79 221 424 62 416 480 358 575 493 553 144 495 303 721 338 44 628 473 546 626 220 553 377 446 442 441 63 525 164 443 214 0 537 484 424 190 717 251 355 476 493 427 348 509 97 392 366 91 499 685 331 664 463 35 234 90 348 558 502 102 612 332 499 287 728 151 443 403 597 364 594 323 341 687 469 434 340 137 382 267 34 574 109 232 192 560 102 239 381 468 511 261 466 446 587 611
21 590 173 395 160 669 90 120 643 160 758 566 533 394 327 303 780 358 610 474 320 286 476 595 456 300 586 656 548 92 567 465 278 40 179 704 619 489 638 622 604 614 496 405 421 381 551 93 485 515 474 236 592 357 468 320 639 478 293 725 709 221 98 437 422 754 480 487 676 561 424 453 70 567 327 39 386 323 271 390 508 131 373 97 411 537 0 230 125 379 510 344 203 205 129 140 201 31 634 196 579 617 44 383 300 502 134 568 468 517 293 476 156 638 376 565 664 624 504 586 235 389 578 175 285 245 659 450 553 727 437 486 341 395 539 503 559 398 589 750 438 368 223 507 500 276 486 774 256 366
236 505 101 211 305 572 204 179 538 69 580 402 310 175 114 111 577 404 539 369 97 146 278 432 368 292 362 547 481 160 339 274 178 196 145 533 522 294 443 481 400 505 335 188 220 273 441 138 262 488 345 125 442 236 440 277 437 441 89 520 537 94 132 208 424 551 303 295 504 522 213 227 171 338 342 205 187 101 57 169 433 343 336 183 455 484 230 0 159 293 309 234 162 25 326 131 279 232 570 325 386 575 238 218 155 286 311 519 322 427 140 246 74 583 172 382 448 461 309 471 41 179 348 196 114 171 483 256 333 535 248 495 145 248 500 273 548 271 457 533 384 421 348 285 272 262 263 587 103 165
118 470 167 364 146 548 52 19 521 109 634 441 467 291 226 193 661 278 494 350 256 274 360 470 334 192 483 533 432 36 469 347 152 85 54 579 497 371 519 497 488 491 371 348 378 256 427 98 383 409 348 115 466 231 361 203 521 368 191 607 585 204 73 361 324 636 357 452 551 452 373 355 122 489 231 131 274 229 178 290 389 197 260 32 332 424 125 159 0 256 468 218 77 134 174 28 130 107 520 167 459 509 105 364 178 445 154 456 343 396 173 395 114 526 330 443 552 499 467 462 144 281 491 62 256 119 535 413 446 606 318 393 230 270 430 422 460 273 463 639 323 292 191 404 405 164 384 651 233 322
368 218 374 475 305 293 292 259 264 307 411 222 485 257 237 203 471 210 247 94 345 438 229 245 79 116 385 277 187 292 395 207 119 341 207 352 242 228 334 251 327 234 164 414 464 37 171 342 313 202 108 175 228 67 159 72 349 154 227 428 359 385 317 379 172 452 182 539 328 230 445 310 374 470 148 387 204 259 251 266 140 404 78 282 238 190 379 293 256 0 538 61 180 287 373 252 228 356 277 289 281 282 349 496 141 490 342 225 126 141 157 390 317 289 425 252 409 270 547 206 252 230 449 205 404 141 318 503 341 405 189 233 199 101 209 411 267 68 213 487 95 228 291 323 356 119 314 439 396 423
524 707 337 117 614 751 510 488 714 365 630 522 104 286 303 342 563 699 750 578 215 231 375 545 593 580 314 716 703 463 273 390 451 488 452 608 710 390 480 618 426 682 483 127 90 505 629 420 280 740 533 415 575 470 698 552 458 691 323 511 606 289 426 165 700 537 437 34 582 761 98 256 440 172 633 475 340 283 312 275 656 638 604 490 746 717 510 309 468 538 0 479 465 334 626 441 588 523 783 635 449 806 532 143 406 62 615 751 495 638 392 173 364 802 138 470 414 567 21 645 335 314 216 504 225 460 558 60 326 559 385 768 339 449 743 171 805 485 613 470 632 717 658 290 240 553 279 614 254 146
335 271 319 414 295 342 261 225 311 254 422 228 430 202 177 142 466 246 305 138 283 378 195 255 134 132 349 322 246 253 353 174 68 304 165 365 292 198 325 278 308 279 160 354 404 40 214 296 267 263 130 122 248 18 219 88 335 214 166 418 371 327 272 321 224 444 162 479 338 291 385 259 329 419 178 347 151 198 190 210 198 387 127 247 282 251 344 234 218 61 479 0 141 230 357 209 222 323 335 286 267 342 318 435 80 432 328 286 128 194 96 336 264 349 364 244 386 283 487 248 193 176 402 177 343 98 325 442 304 404 150 289 140 67 270 358 327 55 245 468 156 264 294 280 308 121 268 444 337 362
194 396 211 372 180 473 121 84 444 143 559 366 446 245 186 147 592 242 422 273 249 301 296 394 259 134 431 457 360 113 422 281 76 163 27 503 422 306 449 419 422 414 296 338 377 179 350 164 334 346 271 57 389 155 297 133 454 302 154 540 510 236 138 335 270 568 286 454 476 386 367 310 194 457 182 207 216 196 154 247 316 257 193 106 293 355 203 162 77 180 465 141 0 143 230 72 128 182 449 186 390 442 178 381 111 432 204 388 267 320 112 364 152 457 331 372 491 423 467 385 129 230 453 49 275 42 461 415 391 535 252 340 177 196 364 391 401 196 386 577 252 258 204 353 363 104 335 578 258 325
211 502 92 232 280 571 179 154 538 46 591 410 336 194 130 119 593 385 535 367 123 158 292 440 364 276 384 548 475 134 362 286 169 171 124 543 521 307 457 485 416 505 342 214 244 269 441 116 283 477 346 114 448 234 430 264 452 431 101 537 547 98 107 234 410 567 313 319 514 513 238 249 150 364 326 183 200 120 71 188 428 317 325 158 437 476 205 25 134 287 334 230 143 0 300 107 257 206 565 300 399 567 212 238 154 312 285 511 326 424 139 271 53 577 196 393 467 469 333 471 41 195 372 174 131 158 494 279 353 549 259 481 156 250 491 298 536 270 460 552 376 402 324 305 295 246 284 600 115 188
110 560 294 514 71 642 123 156 621 262 779 586 636 466 401 367 820 281 571 464 422 409 526 612 440 267 656 636 511 166 644 511 303 139 219 721 593 536 677 624 652 596 518 512 536 387 538 208 557 459 479 282 600 374 417 303 683 431 366 769 728 341 199 533 360 797 513 605 695 508 534 529 196 662 273 168 444 403 352 465 479 31 340 144 327 493 129 326 174 373 626 357 230 300 0 201 148 106 590 103 618 562 95 506 341 610 31 519 485 496 340 568 262 589 488 598 721 639 621 574 317 454 666 182 403 268 682 567 618 761 482 413 402 420 487 595 490 412 586 807 405 284 123 577 580 254 558 802 375 479
136 469 149 338 174 545 78 47 516 86 618 427 439 266 200 169 641 295 494 344 229 251 339 456 331 200 458 528 432 47 443 327 141 99 45 564 494 351 499 486 467 485 356 320 351 248 421 92 358 416 338 96 454 220 367 205 501 373 165 587 570 182 66 333 335 616 340 425 536 457 345 328 121 461 243 138 251 202 150 264 388 223 264 57 348 427 140 131 28 252 441 209 72 107 201 0 153 126 521 193 439 513 126 339 160 418 182 460 330 393 153 367 92 529 303 425 529 485 440 455 116 257 464 76 231 111 519 386 422 588 298 404 206 256 435 394 469 262 454 616 325 310 217 379 379 171 359 634 209 295
182 412 298 489 78 494 119 114 472 239 638 446 574 371 314 274 689 157 425 317 373 404 408 471 292 118 552 488 364 155 546 389 182 176 136 579 445 414 547 478 528 447 381 463 499 247 389 222 457 319 336 185 456 240 274 156 556 287 282 640 586 335 199 464 222 667 384 575 555 367 491 437 235 586 130 228 337 324 281 374 331 180 191 127 211 348 201 279 130 228 588 222 128 257 148 153 0 171 445 64 489 422 158 493 229 559 117 376 346 347 234 493 244 446 452 466 603 497 589 426 253 353 581 83 385 152 543 536 510 626 362 284 302 289 345 519 358 274 439 687 257 168 77 475 489 108 459 664 363 445
12 564 188 409 129 644 63 98 618 164 741 548 540 389 322 294 767 327 583 450 326 302 465 577 432 272 581 632 521 80 564 453 259 35 161 686 593 477 625 601 593 590 478 413 433 360 527 102 480 486 453 221 572 337 439 295 627 450 287 713 692 236 99 440 392 742 465 501 659 532 433 449 90 570 298 65 377 320 268 386 482 115 346 76 380 509 31 232 107 356 523 323 182 206 106 126 171 0 607 165 565 588 14 399 285 511 107 539 450 492 280 478 162 610 386 551 655 605 517 562 231 382 579 150 298 225 643 463 547 713 424 455 332 377 510 505 528 379 567 742 411 337 192 502 498 249 482 759 270 377
619 77 651 738 518 95 544 517 112 584 379 296 710 497 499 472 495 322 32 207 611 713 417 290 201 334 548 126 89 557 574 397 396 600 477 331 92 404 411 222 440 127 306 667 721 297 158 613 517 136 249 452 249 335 173 317 438 158 497 480 341 663 588 617 235 490 352 790 328 88 698 531 642 676 317 650 444 522 524 509 137 621 261 540 296 97 634 570 520 277 783 335 449 565 590 521 445 607 0 488 391 59 596 764 415 727 560 72 288 146 431 617 594 25 687 358 517 289 796 154 529 470 642 461 678 415 339 757 509 425 398 209 457 338 105 630 146 306 198 566 197 327 476 516 563 358 518 424 672 687
175 462 326 531 37 543 135 147 525 275 700 509 628 431 372 333 753 177 470 376 421 438 472 534 349 175 614 541 411 180 608 453 245 184 188 641 496 478 611 537 593 501 445 512 545 310 446 242 519 356 398 243 518 304 314 217 621 330 339 704 649 367 224 518 256 731 448 619 617 405 538 497 246 643 172 230 400 381 334 433 382 134 245 151 224 392 196 325 167 289 635 286 186 300 103 193 64 165 488 0 554 459 151 530 292 609 75 417 409 401 295 549 278 486 497 530 667 559 634 482 304 415 640 137 423 214 606 580 573 689 426 309 363 353 384 576 386 338 498 752 308 181 27 537 549 170 520 727 398 489
575 316 487 451 561 329 509 471 294 442 197 95 355 219 272 282 202 490 361 239 360 484 107 106 270 394 161 290 339 487 194 114 315 538 406 161 302 92 59 182 50 268 119 367 418 250 239 506 172 414 188 344 145 249 394 348 68 377 298 150 162 468 488 297 436 178 105 468 134 409 392 205 542 305 430 569 199 288 329 230 306 647 356 491 511 366 579 386 459 281 449 267 390 399 618 439 489 565 391 554 0 435 564 488 280 388 590 391 157 276 286 277 451 416 404 34 133 121 467 237 358 207 264 435 446 350 110 446 129 150 142 478 243 200 400 279 475 219 194 206 334 507 562 159 209 387 172 201 458 410
601 120 650 754 491 154 528 504 169 582 437 339 739 519 514 484 550 286 77 228 625 720 448 337 214 318 587 184 103 545 611 428 398 585 469 387 145 438 459 274 485 179 340 687 739 308 196 605 548 103 276 453 296 345 149 309 486 140 508 532 396 665 579 641 202 543 384 811 382 56 718 559 631 709 292 636 465 537 533 530 150 593 249 526 253 91 617 575 509 282 806 342 442 567 562 513 422 588 59 459 435 0 577 777 423 752 532 56 316 170 439 644 591 37 703 400 564 339 818 201 534 492 677 447 686 412 391 777 546 479 426 162 473 357 78 660 91 322 245 617 191 288 444 550 594 344 549 481 678 702
24 555 199 420 115 635 57 94 610 171 737 545 547 391 325 295 766 315 573 443 333 314 465 573 424 262 584 624 511 82 567 452 255 44 158 682 585 477 624 595 593 582 474 421 442 354 520 113 483 475 447 220 567 333 428 286 626 439 290 712 688 246 107 447 380 741 462 511 655 521 442 452 102 576 286 80 377 324 271 389 473 106 336 72 367 499 44 238 105 349 532 318 178 212 95 126 158 14 596 151 564 577 0 411 283 519 93 529 445 484 279 483 170 600 396 548 656 601 527 555 235 383 584 143 308 221 639 473 548 711 423 443 333 374 499 511 516 374 561 743 402 323 178 504 502 240 484 756 280 386
398 692 211 39 505 749 398 383 713 255 683 540 215 281 264 293 639 623 731 557 152 97 392 567 564 510 388 718 677 351 349 400 389 366 362 650 703 409 532 632 479 679 486 123 83 468 619 298 319 697 520 342 590 431 651 491 515 649 269 583 650 164 309 195 640 612 443 112 621 726 106 283 312 278 561 345 327 241 246 269 629 514 549 380 674 685 383 218 364 496 143 435 381 238 506 339 493 399 764 530 488 777 411 0 355 167 499 720 488 617 339 228 251 780 83 499 491 594 129 643 255 304 313 412 108 388 598 85 383 620 385 711 306 426 706 243 760 457 619 561 590 639 556 337 294 480 319 675 132 79
295 349 245 335 291 417 228 191 384 184 458 268 367 146 103 64 482 298 384 214 204 298 184 298 213 178 322 393 326 207 317 169 50 259 125 405 367 194 340 335 311 351 198 279 328 117 287 236 228 342 192 63 300 80 297 145 343 294 86 429 410 249 215 256 293 458 179 403 377 371 310 210 271 366 230 295 108 123 110 151 278 369 198 210 342 331 300 155 178 141 406 80 111 154 341 160 229 285 415 292 280 423 283 355 0 363 315 367 176 272 16 277 194 429 286 265 379 327 413 317 115 125 356 160 263 77 359 366 281 428 141 362 76 99 351 301 405 116 307 465 235 317 306 246 262 155 230 474 257 284
513 650 331 130 592 692 491 465 655 348 568 462 49 234 259 300 503 660 694 524 189 238 315 484 540 540 253 657 649 445 212 332 410 475 423 546 652 331 418 557 364 623 425 98 89 455 571 409 219 690 477 380 515 422 649 509 396 642 283 451 544 285 412 111 655 477 378 87 520 709 78 197 434 116 593 469 288 242 278 223 602 625 558 470 705 664 502 286 445 490 62 432 432 312 610 418 559 511 727 609 388 752 519 167 363 0 597 698 439 583 350 112 349 747 127 408 354 506 81 587 306 261 158 475 222 423 496 85 264 497 328 721 292 397 691 109 755 433 554 413 583 678 632 229 178 514 218 552 251 138
113 529 289 505 41 611 106 136 590 250 749 556 621 443 379 344 792 253 540 434 408 403 500 582 409 236 633 605 480 152 622 484 275 134 195 691 562 509 650 593 625 565 489 499 525 357 507 202 534 429 449 258 570 345 386 272 656 401 345 741 698 334 190 515 330 769 485 596 666 478 522 508 196 644 243 172 420 383 333 443 448 63 309 127 300 463 134 311 154 342 615 328 204 285 31 182 117 107 560 75 590 532 93 499 315 597 0 489 455 464 315 550 251 559 477 570 695 609 612 543 299 431 646 155 394 241 653 558 594 732 456 385 379 392 457 577 462 383 555 781 374 257 98 554 559 223 535 773 368 468
552 89 595 698 448 151 478 453 153 527 414 297 685 465 458 427 521 250 64 174 568 664 397 299 158 267 540 170 53 493 562 377 342 534 416 361 124 388 420 242 442 152 290 631 684 252 153 552 496 65 224 397 259 289 102 255 446 89 451 498 370 610 526 587 163 512 334 756 352 22 663 505 579 657 246 585 411 481 477 475 95 550 196 475 226 35 568 519 456 225 751 286 388 511 519 460 376 539 72 417 391 56 529 720 367 698 489 0 265 119 383 591 536 70 647 357 523 304 762 166 478 437 627 396 630 357 358 721 498 449 372 141 417 301 33 607 92 267 209 580 136 255 404 499 543 292 498 457 622 646
461 211 419 459 421 261 388 351 225 360 293 101 422 211 227 212 346 333 255 92 338 453 132 127 119 241 281 230 213 376 299 111 191 428 289 237 216 124 208 159 205 191 38 383 437 99 133 412 231 272 40 236 124 112 244 195 224 229 235 301 243 415 389 330 280 326 70 504 210 279 413 243 447 392 274 468 161 249 267 223 170 515 199 373 354 234 468 322 343 126 495 128 267 326 485 330 346 450 288 409 157 316 445 488 176 439 455 265 0 146 188 329 370 308 407 126 288 155 509 155 285 185 362 305 415 224 197 473 237 280 110 328 185 76 265 343 337 72 135 363 180 350 414 234 278 239 232 317 416 409
504 77 513 592 425 152 428 397 126 447 333 185 568 351 352 327 425 267 114 60 465 569 278 192 61 228 421 141 66 432 443 258 259 479 347 274 101 268 311 154 327 100 171 521 574 154 51 484 377 139 106 314 156 191 130 197 334 110 351 395 284 521 458 473 188 412 214 644 259 135 552 388 514 539 232 527 298 375 379 363 32 527 156 420 267 90 517 427 396 141 638 194 320 424 496 393 347 492 146 401 276 170 484 617 272 583 464 119 146 0 287 474 457 164 540 241 409 204 650 84 387 324 508 341 533 282 259 611 379 353 255 211 310 192 124 489 199 160 115 472 95 280 396 380 424 244 379 371 529 540
289 365 231 319 292 432 225 187 399 171 467 278 355 138 90 50 487 310 400 229 188 282 186 308 229 190 319 408 342 201 312 173 60 252 122 415 382 198 345 348 314 366 208 265 312 133 302 226 223 358 207 59 312 96 313 159 347 310 71 433 420 234 205 243 308 462 187 388 386 388 296 203 261 356 243 286 104 108 93 142 294 367 213 206 355 348 293 140 173 157 392 96 112 139 340 153 234 280 431 295 286 439 279 339 16 350 315 383 188 287 0 266 181 445 271 272 380 337 398 332 99 119 348 161 246 82 368 351 279 434 144 377 68 112 367 291 421 131 321 467 251 329 311 241 255 165 224 481 241 268
483 540 321 188 537 580 445 414 543 315 464 349 94 134 178 219 411 575 584 416 159 261 203 372 435 455 160 544 540 403 121 220 326 443 361 437 540 218 312 444 258 511 313 107 148 354 460 383 107 587 368 308 402 324 548 419 292 539 210 356 436 282 378 40 560 384 266 191 411 603 122 86 414 94 507 449 186 168 216 126 495 587 463 423 616 558 476 246 395 390 173 336 364 271 568 367 493 478 617 549 277 644 483 228 277 112 550 591 329 474 266 0 319 638 152 296 263 394 190 475 251 160 103 411 231 346 387 171 159 396 218 624 201 294 586 27 652 330 441 334 481 593 568 118 69 432 106 452 255 161
165 535 59 254 253 607 147 131 575 10 642 458 378 248 183 170 646 387 565 403 164 160 344 488 396 287 437 586 504 100 414 338 198 126 126 592 556 359 509 530 469 543 388 251 274 304 478 64 336 497 387 142 493 271 449 283 505 453 153 590 596 90 62 281 422 620 362 345 563 536 272 302 97 410 332 130 252 174 124 242 458 276 344 128 440 502 156 74 114 317 364 264 152 53 262 92 244 162 594 278 451 591 170 251 194 349 251 536 370 457 181 319 0 604 226 444 520 517 360 510 92 249 422 168 144 179 544 306 407 601 310 492 208 294 514 346 553 310 502 606 400 402 304 359 347 256 337 652 120 217
622 101 662 755 518 119 548 523 138 594 405 320 731 516 516 487 521 316 55 224 627 727 438 315 216 338 572 151 102 563 598 419 408 605 485 357 118 427 436 248 465 153 328 686 739 312 180 621 538 131 269 463 274 349 172 324 464 160 512 506 366 675 595 637 231 516 374 809 354 81 717 552 648 698 316 655 463 539 539 527 151 620 266 545 287 102 638 583 526 289 802 349 457 577 589 529 446 610 25 486 416 37 600 780 429 747 559 70 308 164 445 638 604 0 704 382 542 314 815 179 542 489 665 466 692 425 364 776 532 451 419 197 474 356 101 652 128 323 223 592 204 320 473 539 585 363 540 450 686 704
388 614 204 51 476 668 372 350 632 227 600 457 166 198 189 222 560 569 655 480 83 115 308 484 489 452 311 637 602 325 274 317 326 351 316 566 623 326 449 549 397 599 404 45 47 396 540 284 236 628 441 284 507 359 583 428 433 579 200 503 566 157 289 115 578 532 361 123 538 654 48 200 307 218 505 342 246 166 182 186 554 501 484 351 618 612 376 172 330 425 138 364 331 196 488 303 452 386 687 497 404 703 396 83 286 127 477 647 407 540 271 152 226 704 0 415 413 510 136 562 201 222 247 368 95 331 514 84 302 538 303 647 230 348 634 171 692 381 537 486 520 587 521 255 214 424 236 593 123 10
561 281 483 464 539 298 492 455 263 435 197 61 379 223 270 274 222 460 327 205 365 489 109 77 237 366 192 259 304 473 223 108 296 525 390 153 269 91 82 153 85 235 88 380 432 223 204 496 189 380 155 329 113 226 360 321 98 343 293 175 155 468 477 313 403 201 86 487 124 375 406 219 532 332 401 558 195 288 324 235 272 628 325 475 479 332 565 382 443 252 470 244 372 393 598 425 466 551 358 530 34 400 548 499 265 408 570 357 126 241 272 296 444 382 415 0 168 97 487 203 352 207 293 416 450 331 102 463 156 162 134 444 237 178 365 301 440 192 161 238 300 477 537 179 230 362 190 208 460 420
664 443 544 451 669 445 604 567 413 513 228 225 311 272 337 361 149 619 488 372 394 513 195 227 404 516 103 406 470 575 143 213 422 624 502 227 425 188 107 298 83 390 251 369 411 375 369 581 188 548 321 439 268 367 528 471 78 511 370 97 221 516 567 297 568 123 227 441 210 541 385 226 616 246 557 648 278 346 396 279 440 747 485 585 643 499 664 448 552 409 414 386 491 467 721 529 603 655 517 667 133 564 656 491 379 354 695 523 288 409 380 263 520 542 413 168 0 231 435 363 430 274 201 540 478 455 191 430 115 151 240 612 322 318 533 251 608 343 318 86 467 637 678 166 198 507 187 203 496 421
616 219 561 559 574 215 544 507 182 507 140 59 476 315 353 350 220 459 261 193 455 578 201 29 226 386 281 175 255 531 316 195 346 583 444 81 196 184 123 67 161 161 129 476 529 251 156 563 287 342 161 389 48 268 335 342 152 315 371 194 89 551 542 410 388 208 158 584 58 325 503 316 599 427 410 622 279 373 404 326 236 670 329 529 467 287 624 461 499 270 567 283 423 469 639 485 497 605 289 559 121 339 601 594 327 506 609 304 155 204 337 394 517 314 510 97 231 0 585 138 427 295 386 461 539 380 55 560 250 148 216 415 316 228 321 398 395 228 94 277 287 474 561 277 328 389 288 171 546 514
517 720 330 108 612 765 507 486 729 361 650 538 126 298 311 348 584 703 763 590 217 221 390 562 604 585 335 731 714 460 293 405 457 483 453 627 724 406 500 634 446 696 498 134 89 514 642 414 297 749 546 419 592 479 707 558 477 701 328 532 625 282 422 179 707 558 451 17 601 772 102 271 433 193 638 468 352 290 316 287 667 632 611 487 751 728 504 309 467 547 21 487 467 333 621 440 589 517 796 634 467 818 527 129 413 81 612 762 509 650 398 190 360 815 136 487 435 585 0 660 337 325 237 505 219 465 577 53 345 579 398 775 348 461 753 190 814 496 628 492 642 721 658 308 258 557 297 634 247 144
575 80 563 614 504 106 499 465 70 500 254 141 565 365 381 363 355 351 125 112 493 606 271 136 133 307 394 76 118 498 422 255 316 547 411 197 66 257 258 77 285 36 162 537 591 207 36 544 371 208 126 369 95 239 210 272 285 189 387 332 207 565 519 480 271 346 208 656 187 187 567 389 577 527 315 593 316 404 418 377 112 606 237 488 349 151 586 471 462 206 645 248 385 471 574 455 426 562 154 482 237 201 555 643 317 587 543 166 155 84 332 475 510 179 562 203 363 138 660 0 431 340 491 412 568 344 192 626 356 283 262 286 339 223 185 486 257 201 44 416 179 364 478 368 416 320 372 294 568 564
238 464 134 243 288 532 194 163 499 83 550 368 324 159 92 77 554 369 498 329 120 186 252 398 327 254 351 508 440 154 332 245 137 198 117 501 482 266 417 444 377 466 300 210 247 232 401 150 250 447 306 86 406 196 400 237 413 400 61 498 505 134 137 217 385 528 271 324 472 481 237 217 186 345 306 217 159 88 36 155 392 337 296 172 419 443 235 41 144 252 335 193 129 41 317 116 253 231 529 304 358 534 235 255 115 306 299 478 285 387 99 251 92 542 201 352 430 427 337 431 0 157 349 169 154 133 452 285 318 509 218 456 115 209 459 278 508 231 419 516 343 386 326 272 266 225 251 559 144 195
390 395 280 273 410 446 334 298 410 240 404 239 254 27 65 88 398 418 437 264 159 282 100 268 279 299 202 414 389 302 192 100 175 350 235 361 402 117 263 329 221 377 182 197 251 194 319 308 104 428 221 173 287 163 389 261 257 380 96 341 363 261 293 150 400 371 140 320 332 447 228 85 343 244 350 374 26 80 124 38 342 479 303 314 457 403 389 179 281 230 314 176 230 195 454 257 353 382 470 415 207 492 383 304 125 261 431 437 185 324 119 160 249 489 222 207 274 295 325 340 157 0 230 279 243 201 310 287 165 356 81 463 52 136 429 182 494 172 314 360 322 437 431 123 136 278 105 408 252 224
584 564 425 273 631 591 543 510 555 417 424 353 111 209 267 306 348 647 610 455 263 360 230 370 479 529 108 552 575 502 70 251 406 544 453 411 558 239 281 446 229 525 337 202 230 412 484 486 136 633 403 396 406 387 600 489 254 588 302 298 407 385 480 144 621 323 293 245 388 642 207 145 517 45 579 552 252 262 313 206 533 686 526 521 684 597 578 348 491 449 216 402 453 372 666 464 581 579 642 640 264 677 584 313 356 158 646 627 362 508 348 103 422 665 247 293 201 386 237 491 349 230 0 502 332 430 365 240 136 350 262 680 279 348 627 78 698 383 452 255 533 666 657 128 94 509 134 403 357 257
163 414 225 407 131 493 86 56 467 161 599 406 491 295 234 196 637 218 436 299 289 326 344 433 281 130 481 481 373 97 472 328 120 139 52 543 443 353 495 453 469 439 337 379 416 212 376 161 383 347 305 106 425 193 299 145 500 307 201 586 549 258 135 381 261 614 331 492 516 391 407 360 184 505 168 189 266 243 198 296 332 211 200 79 272 364 175 196 62 205 504 177 49 174 182 76 83 150 461 137 435 447 143 412 160 475 155 396 305 341 161 411 168 466 368 416 540 461 505 412 169 279 502 0 304 85 502 452 440 578 300 330 227 238 369 438 397 233 417 626 264 233 157 402 412 103 385 621 284 361
298 610 111 111 398 672 291 275 638 147 644 482 261 227 188 206 620 517 646 473 86 38 341 511 476 406 380 645 589 244 348 344 291 264 255 604 624 359 497 568 448 604 421 134 137 380 542 195 292 601 443 240 528 343 554 391 485 554 182 563 606 63 204 190 539 593 382 202 575 634 144 253 215 309 457 250 261 166 153 216 541 413 451 272 568 594 285 114 256 404 225 343 275 131 403 231 385 298 678 423 446 686 308 108 263 222 394 630 415 533 246 231 144 692 95 450 478 539 219 568 154 243 332 304 0 286 552 165 363 589 323 610 229 346 612 254 662 373 549 557 496 533 448 313 282 376 292 644 29 84
236 359 237 376 214 434 163 127 405 169 517 324 433 220 167 126 552 238 387 233 248 316 259 352 221 121 400 417 325 154 394 243 34 205 66 461 383 268 409 377 384 374 254 333 376 137 310 201 305 320 229 46 347 112 272 106 415 274 139 500 467 255 176 321 252 528 245 453 434 357 363 285 232 438 173 248 185 182 148 224 280 297 167 149 287 323 245 171 119 141 460 98 42 158 268 111 152 225 415 214 350 412 221 388 77 423 241 357 224 282 82 346 179 425 331 331 455 380 465 344 133 201 430 85 286 0 419 414 358 493 215 323 150 154 335 372 378 153 344 541 221 256 229 323 337 92 306 536 273 326
653 271 585 562 619 259 582 545 229 534 98 96 462 325 372 375 165 512 313 246 467 591 211 73 279 435 257 219 309 567 295 210 384 618 481 51 246 193 86 117 135 212 165 477 528 296 211 594 282 397 210 423 103 308 390 390 115 370 394 141 53 570 574 408 443 154 182 578 23 379 502 315 630 408 461 655 297 390 426 336 292 713 381 567 522 341 659 483 535 318 558 325 461 494 682 519 543 643 339 606 110 391 639 598 359 496 653 358 197 259 368 387 544 364 514 102 191 55 577 192 452 310 365 502 552 419 0 557 234 93 235 471 338 265 376 387 449 270 149 227 341 527 609 268 318 436 283 120 562 519
464 683 277 56 558 732 453 432 696 307 635 511 134 261 265 301 579 653 725 551 166 170 361 536 563 535 327 699 674 406 286 374 408 429 400 608 689 378 484 605 430 663 465 90 38 471 606 360 274 705 509 368 563 435 662 510 463 657 280 525 607 229 368 149 659 553 419 39 581 729 59 244 380 201 588 415 313 244 265 249 627 579 564 433 701 687 450 256 413 503 60 442 415 279 567 386 536 463 757 580 446 777 473 85 366 85 558 721 473 611 351 171 306 776 84 463 430 560 53 626 285 287 240 452 165 414 557 0 330 567 364 728 304 420 710 178 770 454 597 494 598 670 604 288 241 507 274 623 194 90
554 431 429 344 572 454 499 462 419 399 305 217 228 159 225 253 257 549 477 330 278 399 111 233 357 437 44 416 445 467 66 134 328 515 399 282 422 114 154 309 100 390 207 260 306 304 351 468 72 510 277 336 270 287 481 393 133 467 259 201 280 400 456 188 510 230 167 347 257 514 280 110 503 176 483 535 174 232 283 165 406 643 419 479 579 469 553 333 446 341 326 304 391 353 618 422 510 547 509 573 129 546 548 383 281 264 594 498 237 379 279 159 407 532 302 156 115 250 345 356 318 165 136 440 363 358 234 330 0 237 154 564 216 241 501 155 574 273 316 199 415 567 586 50 89 422 71 293 381 310
723 361 636 582 700 339 655 618 313 592 77 183 457 365 421 432 72 603 401 337 503 627 257 164 371 521 245 301 402 635 286 264 459 687 552 96 333 242 92 206 141 300 244 497 544 380 304 656 301 490 298 492 196 387 483 476 105 463 448 65 87 616 637 425 536 65 248 583 97 471 518 339 692 395 550 719 349 436 478 375 385 790 471 638 614 434 727 535 606 405 559 404 535 549 761 588 626 713 425 689 150 479 711 620 428 497 732 449 280 353 434 396 601 451 538 162 151 148 579 283 509 356 350 578 589 493 93 567 237 0 292 564 393 340 468 390 541 351 241 153 433 619 694 283 327 520 301 55 603 544
434 322 349 354 429 368 369 331 331 301 332 158 313 104 137 140 343 395 366 198 240 362 45 187 219 283 198 335 322 345 205 28 181 396 266 285 325 53 201 247 170 298 101 275 329 152 243 364 126 372 149 203 205 133 338 239 203 326 159 289 288 336 345 219 361 318 59 394 256 385 305 133 400 287 329 427 63 157 190 116 277 510 267 351 427 340 437 248 318 189 385 150 252 259 482 298 362 424 398 426 142 426 423 385 141 328 456 372 110 255 144 218 310 419 303 134 240 216 398 262 218 81 262 300 323 215 235 364 154 292 0 418 103 88 369 234 438 122 234 325 271 413 438 134 171 270 127 341 330 305
467 222 551 695 344 292 400 384 290 484 540 393 718 490 464 427 636 132 205 239 564 639 454 402 208 205 608 308 170 426 622 431 321 458 366 483 260 449 519 362 529 283 363 641 690 270 260 491 544 79 291 369 367 300 84 219 541 101 448 605 492 576 466 611 70 623 397 765 470 121 672 543 512 703 162 510 437 485 466 499 178 442 163 402 91 137 486 495 393 233 768 289 340 481 413 404 284 455 209 309 478 162 443 711 362 721 385 141 328 211 377 624 492 197 647 444 612 415 775 286 456 463 680 330 610 323 471 728 564 564 418 0 429 333 109 645 78 297 324 680 148 130 291 552 588 236 546 580 596 644
341 385 246 281 358 444 283 246 409 198 435 257 292 70 42 39 440 374 425 250 154 268 137 287 259 254 254 415 372 252 244 130 126 302 183 388 397 151 301 340 264 375 192 215 266 167 314 263 156 401 214 121 300 131 359 219 299 353 55 384 391 235 247 182 363 414 158 340 358 425 246 134 299 289 306 328 45 65 87 75 324 427 266 263 416 382 341 145 230 199 339 140 177 156 402 206 302 332 457 363 243 473 333 306 76 292 379 417 185 310 68 201 208 474 230 237 322 316 348 339 115 52 279 227 229 150 338 304 216 393 103 429 0 119 406 225 466 151 319 409 294 392 379 175 187 231 157 444 232 229
388 266 343 400 361 326 317 280 292 283 363 171 389 163 161 139 400 307 306 131 274 383 129 199 143 199 286 300 254 302 293 108 119 354 216 308 278 131 258 235 240 258 100 330 383 64 195 336 211 292 97 160 200 49 255 153 267 245 164 351 314 342 314 286 273 378 94 454 281 311 361 211 371 370 242 393 109 184 195 174 207 450 179 301 339 267 395 248 270 101 449 67 196 250 420 256 289 377 338 353 200 357 374 426 99 397 392 301 76 192 112 294 294 356 348 178 318 228 461 223 209 136 348 238 346 154 265 420 241 340 88 333 119 0 293 313 358 36 209 400 187 326 362 221 255 189 213 382 345 348
522 114 573 685 416 183 449 425 181 504 437 308 681 457 445 413 540 216 96 172 554 646 397 313 150 239 544 199 66 466 564 376 322 506 391 382 151 389 433 262 451 177 294 621 672 239 166 526 494 31 224 377 274 275 71 231 458 61 437 514 392 590 500 579 129 530 335 745 372 22 652 501 552 656 215 557 403 468 461 467 95 518 170 447 192 34 539 500 430 209 743 270 364 491 487 435 345 510 105 384 400 78 499 706 351 691 457 33 265 124 367 586 514 101 634 365 533 321 753 185 459 429 627 369 612 335 376 710 501 468 369 109 406 293 0 603 74 257 227 594 115 221 371 499 540 266 496 479 604 633
510 553 347 203 565 589 472 441 553 342 460 356 79 156 205 245 400 599 598 432 186 283 214 377 452 479 148 553 556 431 108 232 351 470 388 437 551 228 310 451 255 521 325 126 160 375 473 410 114 605 383 334 410 345 568 442 287 558 237 346 435 307 406 66 582 374 278 193 411 619 136 102 441 66 530 476 207 195 244 150 511 615 485 451 639 574 503 273 422 411 171 358 391 298 595 394 519 505 630 576 279 660 511 243 301 109 577 607 343 489 291 27 346 652 171 301 251 398 190 486 278 182 78 438 254 372 387 178 155 390 234 645 225 313 603 0 671 349 450 318 501 617 595 121 70 456 113 445 279 181
541 182 613 741 421 238 471 452 244 544 507 383 747 521 504 469 613 209 152 244 610 694 468 387 219 268 617 261 140 495 636 446 371 529 428 453 216 461 508 335 526 245 367 681 731 300 240 558 564 65 297 423 349 334 108 272 533 113 492 589 463 634 532 644 136 603 407 806 444 70 713 569 581 725 231 581 467 526 513 531 169 520 211 472 169 109 559 548 460 267 805 327 401 536 490 469 358 528 146 386 475 91 516 760 405 755 462 92 337 199 421 652 553 128 692 440 608 395 814 257 508 494 698 397 662 378 449 770 574 541 438 78 466 358 74 671 0 322 300 669 172 208 369 570 610 297 566 550 651 689
390 236 362 432 349 301 316 280 267 299 366 173 425 199 192 167 414 277 274 100 305 410 161 200 108 175 317 277 220 307 327 138 121 358 219 309 251 160 274 224 262 235 106 364 417 32 170 347 247 256 77 170 193 41 218 129 287 209 191 368 316 365 323 322 239 393 116 489 283 275 396 247 381 406 214 400 145 215 220 210 172 443 146 302 306 232 398 271 273 68 485 55 196 270 412 262 274 379 306 338 219 322 374 457 116 433 383 267 72 160 131 330 310 323 381 192 343 228 496 201 231 172 383 233 373 153 270 454 273 351 122 297 151 36 257 349 322 0 193 423 151 296 344 256 291 169 248 390 370 381
579 125 553 588 518 139 503 468 102 492 218 99 530 338 361 347 313 379 169 122 471 588 238 91 150 322 353 102 160 498 383 223 313 549 411 159 107 223 213 40 242 73 132 509 563 207 63 540 335 248 116 364 50 234 245 283 240 225 371 288 169 551 516 449 303 303 177 625 145 230 538 357 574 489 337 592 292 383 402 350 146 618 257 491 382 192 589 457 463 213 613 245 386 460 586 454 439 567 198 498 194 245 561 619 307 554 555 209 135 115 321 441 502 223 537 161 318 94 628 44 419 314 452 417 549 344 149 597 316 241 234 324 319 209 227 450 300 193 0 371 205 393 497 331 380 332 337 256 551 539
750 496 628 521 755 486 691 654 457 598 227 287 366 358 423 447 110 697 539 442 475 591 281 282 475 598 177 447 530 662 212 298 507 711 589 248 473 273 161 343 160 438 325 441 479 455 428 667 271 612 394 525 321 450 596 552 140 578 457 89 240 598 653 371 641 94 307 500 241 600 454 308 702 298 636 734 365 431 482 364 504 834 562 671 717 560 750 533 639 487 470 468 577 552 807 616 687 742 566 752 206 617 743 561 465 413 781 580 363 472 467 334 606 592 486 238 86 277 492 416 516 360 255 626 557 541 227 494 199 153 325 680 409 400 594 318 669 423 371 0 538 714 762 248 274 589 270 188 577 495
424 155 458 570 334 236 348 320 216 390 422 254 576 349 332 298 504 174 172 96 440 530 305 269 63 140 460 232 109 359 474 283 206 403 280 362 188 300 378 246 383 194 216 509 559 127 145 417 397 107 145 261 239 162 67 120 398 59 322 468 371 474 391 472 103 488 248 634 344 137 540 399 445 557 137 453 295 354 345 359 74 437 65 343 181 102 438 384 323 95 632 156 252 376 405 325 257 411 197 308 334 191 402 590 235 583 374 136 180 95 251 481 400 204 520 300 467 287 642 179 343 322 533 264 496 221 341 598 415 433 271 148 294 187 115 501 172 151 205 538 0 188 301 405 442 161 399 457 488 518
348 320 458 630 218 399 287 279 388 394 610 437 684 461 419 378 689 18 316 281 504 558 456 454 248 138 612 406 266 321 617 434 268 345 279 551 358 456 558 434 555 373 388 589 632 263 331 388 531 190 323 302 427 280 160 176 575 180 395 649 559 491 364 573 95 672 410 709 532 239 619 522 403 681 86 396 414 436 405 467 252 313 151 294 43 239 368 421 292 228 717 264 258 402 284 310 168 337 327 181 507 288 323 639 317 678 257 255 350 280 329 593 402 320 587 477 637 474 721 364 386 437 666 233 533 256 527 670 567 619 413 130 392 326 221 617 208 296 393 714 188 0 161 545 572 164 533 645 515 581
202 453 352 556 63 535 161 172 518 300 702 513 649 448 391 351 759 159 459 375 444 464 483 537 346 175 628 534 402 207 623 464 258 211 209 643 489 489 619 536 602 496 450 535 568 314 442 269 534 342 400 261 519 312 302 219 629 319 358 712 651 393 251 539 241 738 456 643 619 391 561 514 274 662 164 257 414 400 355 451 375 151 240 177 204 381 223 348 191 291 658 294 204 324 123 217 77 192 476 27 562 444 178 556 306 632 98 404 414 396 311 568 304 473 521 537 678 561 658 478 326 431 657 157 448 229 609 604 586 694 438 291 379 362 371 595 369 344 497 762 301 161 0 552 566 174 536 730 424 513
509 439 379 299 534 470 456 421 434 352 347 235 199 113 179 210 307 526 484 326 228 349 101 256 350 411 79 433 447 422 72 123 294 469 358 319 434 112 196 330 142 403 210 214 262 286 358 421 22 504 274 297 289 264 472 369 178 459 214 250 318 350 409 142 495 280 165 309 292 513 236 60 456 159 459 488 137 184 236 117 405 601 401 436 560 468 507 285 404 323 290 280 353 305 577 379 475 502 516 537 159 550 504 337 246 229 554 499 234 380 241 118 359 539 255 179 166 277 308 368 272 123 128 402 313 323 268 288 50 283 134 552 175 221 499 121 570 256 331 248 405 545 552 0 50 393 21 338 331 261
504 485 360 255 542 519 458 423 483 341 394 285 149 117 179 216 345 553 530 369 201 316 146 306 391 435 97 483 491 420 67 166 312 464 365 368 482 159 243 381 189 452 257 171 216 319 405 411 46 544 318 305 339 293 509 395 223 498 214 289 367 326 402 99 528 318 211 260 342 556 190 52 444 115 485 478 158 177 230 116 447 602 433 436 590 511 500 272 405 356 240 308 363 295 580 379 489 498 563 549 209 594 502 294 262 178 559 543 278 424 255 69 347 585 214 230 198 328 258 416 266 136 94 412 282 337 318 241 89 327 171 588 187 255 540 70 610 291 380 274 442 572 566 50 0 415 45 383 303 222
262 314 315 468 186 395 186 160 371 248 529 339 521 301 255 214 584 146 333 210 341 404 314 363 186 30 466 385 271 200 466 294 105 241 130 471 345 318 444 370 429 344 276 425 469 140 284 261 378 245 228 139 348 139 197 48 455 204 230 537 478 340 235 409 165 563 282 546 447 288 455 364 286 521 81 292 257 272 241 306 232 286 96 182 194 261 276 262 164 119 553 121 104 246 254 171 108 249 358 170 387 344 240 480 155 514 223 292 239 244 165 432 256 363 424 362 507 389 557 320 225 278 509 103 376 92 436 507 422 520 270 236 231 189 266 456 297 169 332 589 161 164 174 393 415 0 380 556 361 419
489 440 357 281 516 476 437 401 439 330 364 243 193 93 159 191 327 514 485 324 207 328 101 265 346 398 99 439 446 402 87 121 279 449 340 334 438 114 213 338 160 408 212 196 246 277 360 400 1 500 273 278 297 253 466 357 196 454 194 270 333 328 388 125 487 300 166 296 306 511 219 39 434 159 447 467 122 163 215 96 403 582 392 416 550 466 486 263 384 314 279 268 335 284 558 359 459 482 518 520 172 549 484 319 230 218 535 498 232 379 224 106 337 540 236 190 187 288 297 372 251 105 134 385 292 306 283 274 71 301 127 546 157 213 496 113 566 248 337 270 399 533 536 21 45 380 0 357 309 243
769 368 688 637 739 333 700 662 312 642 46 217 511 419 473 482 83 630 404 364 557 681 308 193 397 555 299 298 413 681 340 314 502 733 597 97 336 293 146 217 196 305 283 552 599 417 320 705 357 503 330 538 218 427 502 511 160 481 499 108 87 669 686 480 558 94 294 638 113 479 573 394 741 448 581 767 400 489 530 429 402 832 500 683 637 446 774 587 651 439 614 444 578 600 802 634 664 759 424 727 201 481 756 675 474 552 773 457 317 371 481 452 652 450 593 208 203 171 634 294 559 408 403 621 644 536 120 623 293 55 341 580 444 382 479 445 550 390 256 188 457 645 730 338 383 556 357 0 657 600
270 606 82 139 373 671 266 251 637 124 655 488 289 238 193 205 636 499 642 470 102 43 351 517 471 391 400 645 583 219 369 352 281 236 236 613 622 368 511 572 463 604 425 161 166 375 540 167 309 591 442 228 532 338 543 379 500 544 181 579 615 34 177 214 525 609 388 231 584 625 172 270 186 335 440 221 267 172 150 228 535 385 439 248 551 587 256 103 233 396 254 337 258 115 375 209 363 270 672 398 458 678 280 132 257 251 368 622 416 529 241 255 120 686 123 460 496 546 247 568 144 252 357 284 29 273 562 194 381 603 330 596 232 345 604 279 651 370 551 577 488 515 424 331 303 361 309 657 0 113
378 615 194 51 468 670 363 342 634 218 605 460 177 201 188 220 567 564 655 480 79 104 312 488 488 447 319 639 602 316 282 320 322 342 309 571 624 330 455 552 403 600 407 54 56 394 541 274 243 626 442 280 510 357 581 425 439 577 197 511 572 147 279 124 574 540 364 130 543 653 59 206 297 229 500 332 247 165 178 189 553 492 481 343 613 611 366 165 322 423 146 362 325 188 479 295 445 377 687 489 410 702 386 79 284 138 468 646 409 540 268 161 217 704 10 420 421 514 144 564 195 224 257 361 84 326 519 90 310 544 305 644 229 348 633 181 689 381 539 495 518 581 513 261 222 419 243 600 113 0
